194150.7170 777.0000
194153.8422 66.0000
194154.0922 33.0000
194154.3425 44.0000
194154.5922 33.0000
194154.8424 55.0000
194155.0922 22.0000
194155.3422 55.0000
194155.5922 44.0000
194155.8422 55.0000
194156.0926 11.0000
194156.3422 33.0000
194156.5922 44.0000
194156.8420 22.0000
194157.0922 66.0000
194157.3422 44.0000
194157.5922 22.0000
194157.8425 44.0000
194158.0922 22.0000
194158.3429 44.0000
194158.5922 66.0000
194158.8422 22.0000
194159.0930 66.0000
194159.3422 22.0000
194159.5921 55.0000
194159.8422 11.0000
194160.0922 33.0000
194160.3422 11.0000
194160.5920 22.0000
194160.8422 11.0000
194161.0922 33.0000
194161.3422 11.0000
194161.5930 22.0000
194161.8422 66.0000
194162.0920 22.0000
194162.3421 11.0000
194162.5922 44.0000
194162.8422 33.0000
194163.0925 22.0000
194163.3421 11.0000
194163.5922 22.0000
194163.8421 44.0000
194164.0921 22.0000
194164.3422 44.0000
194164.5925 33.0000
194164.8428 22.0000
194165.0934 11.0000
194165.3431 44.0000
194165.5922 22.0000
194165.8428 33.0000
194166.0922 44.0000
194166.3425 11.0000
194166.5921 44.0000
194166.8422 22.0000
194167.0922 44.0000
194167.3421 11.0000
194167.5927 44.0000
194167.8422 11.0000
194168.0921 33.0000
194168.3421 22.0000
194168.5922 44.0000
194168.8420 22.0000
194169.0921 44.0000
194169.3421 33.0000
194169.5921 11.0000
194169.8421 55.0000
194170.0923 11.0000
194170.3421 22.0000
194170.5922 11.0000
194170.8422 55.0000
194171.0921 33.0000
194171.3422 55.0000
194171.5927 22.0000
194171.8421 33.0000
194172.0921 22.0000
194172.3421 11.0000
194172.5922 22.0000
194172.8421 44.0000
194173.0924 22.0000
194173.3421 66.0000
194173.5925 22.0000
194173.8433 66.0000
194174.0921 22.0000
194174.3421 33.0000
194174.5921 22.0000
194174.8425 66.0000
194175.0921 44.0000
194175.3425 66.0000
194175.5929 22.0000
194175.8421 33.0000
194176.0924 22.0000
194176.3422 11.0000
194176.5922 55.0000
194176.8422 44.0000
194177.0921 55.0000
194177.3421 33.0000
194177.5924 55.0000
194177.8421 44.0000
194178.0927 55.0000
194178.3427 33.0000
194178.5925 55.0000
194178.8421 33.0000
194179.0921 55.0000
194179.3422 22.0000
194179.5921 55.0000
194179.8423 22.0000
194180.0921 55.0000
194180.3424 11.0000
194180.5921 55.0000
194180.8421 66.0000
194181.0921 55.0000
194181.3424 44.0000
194181.5921 55.0000
194181.8423 66.0000
194182.0922 55.0000
194182.3421 11.0000
194182.5921 22.0000
194182.8421 11.0000
194183.0926 66.0000
194183.3422 33.0000
194183.5927 22.0000
194183.8421 33.0000
194184.0921 55.0000
194184.3420 11.0000
194184.5927 22.0000
194184.8421 33.0000
194185.0925 44.0000
194185.3421 66.0000
194185.5926 22.0000
194185.8426 33.0000
194186.0923 66.0000
194186.3427 22.0000
194186.5921 66.0000
194186.8429 55.0000
194187.0928 66.0000
194187.3424 11.0000
194187.5921 33.0000
194187.8423 55.0000
194188.0928 44.0000
194188.3421 55.0000
194188.5928 11.0000
194188.8421 55.0000
194189.0931 11.0000
194189.3420 66.0000
194189.5923 44.0000
194189.8426 66.0000
194190.0920 55.0000
194190.3420 66.0000
194190.5925 11.0000
194190.8423 66.0000
194191.0919 55.0000
194191.3420 66.0000
194191.5922 44.0000
194191.8421 11.0000
194192.0921 55.0000
194192.3420 11.0000
194192.5920 44.0000
194192.8421 11.0000
194193.0921 33.0000
194193.3420 44.0000
194193.5922 11.0000
194193.8432 33.0000
194194.0920 55.0000
194194.3420 33.0000
194194.5921 22.0000
194194.8427 55.0000
194195.0921 22.0000
194195.3421 66.0000
194195.5921 22.0000
194195.8421 44.0000
194196.0919 66.0000
194196.3421 22.0000
194196.5922 66.0000
194196.8421 11.0000
194197.0920 33.0000
194197.3420 11.0000
194197.5920 44.0000
194197.8419 66.0000
194198.0920 44.0000
194198.3426 33.0000
194198.5921 66.0000
194198.8420 33.0000
194199.0921 22.0000
194199.3429 33.0000
194199.5921 44.0000
194199.8428 33.0000
194200.0923 44.0000
194200.3419 33.0000
194200.5919 44.0000
194200.8420 33.0000
194201.0921 11.0000
194201.3420 33.0000
194201.5921 22.0000
194201.8420 33.0000
194202.0920 66.0000
194202.3424 33.0000
194202.5920 55.0000
194202.8421 66.0000
194203.0920 44.0000
194203.3420 66.0000
194203.5925 11.0000
194203.8420 66.0000
194204.0919 33.0000
194204.3420 66.0000
194204.5920 22.0000
194204.8432 33.0000
194205.0920 22.0000
194205.3420 33.0000
194205.5920 22.0000
194205.8420 44.0000
194206.0919 33.0000
194206.3425 11.0000
194206.5920 66.0000
194206.8422 55.0000
194207.0920 66.0000
194207.3419 44.0000
194207.5926 66.0000
194207.8425 11.0000
194208.0921 33.0000
194208.3420 55.0000
194208.5921 33.0000
194208.8421 55.0000
194209.0921 22.0000
194209.3420 33.0000
194209.5920 55.0000
194209.8420 33.0000
194210.0920 22.0000
194210.3420 33.0000
194210.5920 55.0000
194210.8420 11.0000
194211.0920 44.0000
194211.3420 66.0000
194211.5920 55.0000
194211.8420 66.0000
194212.0919 44.0000
194212.3420 55.0000
194212.5920 66.0000
194212.8420 11.0000
194213.0920 22.0000
194213.3423 11.0000
194213.5920 66.0000
194213.8419 22.0000
194214.0920 66.0000
194214.3420 33.0000
194214.5920 66.0000
194214.8426 22.0000
194215.0920 66.0000
194215.3427 44.0000
194215.5920 66.0000
194215.8420 33.0000
194216.0922 66.0000
194216.3420 55.0000
194216.5920 33.0000
194216.8419 22.0000
194217.0920 55.0000
194217.3423 33.0000
194217.5923 44.0000
194217.8419 33.0000
194218.0918 11.0000
194218.3419 44.0000
194218.5920 33.0000
194218.8420 66.0000
194219.0920 44.0000
194219.3419 66.0000
194219.5923 22.0000
194219.8423 44.0000
194220.0920 66.0000
194220.3419 44.0000
194220.5920 33.0000
194220.8421 66.0000
194221.0924 44.0000
194221.3426 55.0000
194221.5926 44.0000
194221.8420 33.0000
194222.0920 66.0000
194222.3425 22.0000
194222.5919 66.0000
194222.8419 33.0000
194223.0924 11.0000
194223.3419 33.0000
194223.5920 22.0000
194223.8420 33.0000
194224.0921 44.0000
194224.3419 33.0000
194224.5919 22.0000
194224.8424 55.0000
194225.0919 44.0000
194225.3419 22.0000
194225.5920 55.0000
194225.8419 44.0000
194226.0920 22.0000
194226.3418 11.0000
194226.5919 44.0000
194226.8419 33.0000
194227.0917 44.0000
194227.3420 33.0000
194227.5919 44.0000
194227.8419 22.0000
194228.0921 33.0000
194228.3418 44.0000
194228.5919 55.0000
194228.8419 33.0000
194229.0919 55.0000
194229.3418 66.0000
194229.5919 55.0000
194229.8419 11.0000
194230.0919 55.0000
194230.3419 44.0000
194230.5924 11.0000
194230.8419 33.0000
194231.0921 11.0000
194231.3422 55.0000
194231.5926 44.0000
194231.8419 55.0000
194232.0918 44.0000
194232.3419 55.0000
194232.5919 11.0000
194232.8419 44.0000
194233.0919 11.0000
194233.3419 55.0000
194233.5926 11.0000
194233.8419 55.0000
194234.0919 11.0000
194234.3419 44.0000
194234.5919 11.0000
194234.8419 33.0000
194235.0920 44.0000
194235.3419 66.0000
194235.5921 22.0000
194235.8422 44.0000
194236.0924 55.0000
194236.3419 44.0000
194236.5919 11.0000
194236.8420 22.0000
194237.0918 11.0000
194237.3419 66.0000
194237.5919 11.0000
194237.8419 33.0000
194238.0919 11.0000
194238.3419 55.0000
194238.5920 11.0000
194238.8418 33.0000
194239.0926 11.0000
194239.3419 33.0000
194239.5919 66.0000
194239.8419 33.0000
194240.0919 66.0000
194240.3418 11.0000
194240.5919 55.0000
194240.8419 66.0000
194241.0918 44.0000
194241.3419 66.0000
194241.5919 11.0000
194241.8421 22.0000
194242.0918 44.0000
194242.3419 55.0000
194242.5919 44.0000
194242.8419 11.0000
194243.0918 44.0000
194243.3425 66.0000
194243.5918 22.0000
194243.8419 11.0000
194244.0924 66.0000
194244.3419 11.0000
194244.5919 55.0000
194244.8419 11.0000
194245.0918 66.0000
194245.3419 11.0000
194245.5918 22.0000
194245.8419 11.0000
194246.0919 66.0000
194246.3419 44.0000
194246.5918 22.0000
194246.8419 66.0000
194247.0918 44.0000
194247.3419 33.0000
194247.5919 55.0000
194247.8419 33.0000
194248.0918 66.0000
194248.3419 44.0000
194248.5919 66.0000
194248.8420 33.0000
194249.0918 44.0000
194249.3417 33.0000
194249.5927 11.0000
194249.8422 33.0000
194250.0918 66.0000
194250.3422 22.0000
194250.5918 11.0000
194250.8424 33.0000
194251.0918 11.0000
194251.3419 33.0000
194251.5918 22.0000
194251.8419 11.0000
194252.0919 55.0000
194252.3418 11.0000
194252.5917 33.0000
194252.8418 11.0000
194253.0927 55.0000
194253.3419 11.0000
194253.5920 33.0000
194253.8418 55.0000
194254.0923 11.0000
194254.3419 44.0000
194254.5918 22.0000
194254.8419 11.0000
194255.0919 33.0000
194255.3422 11.0000
194255.5918 66.0000
194255.8423 22.0000
194256.0918 55.0000
194256.3424 22.0000
194256.5918 66.0000
194256.8418 22.0000
194257.0918 66.0000
194257.3418 55.0000
194257.5924 33.0000
194257.8418 66.0000
194258.0918 22.0000
194258.3419 44.0000
194258.5924 11.0000
194258.8418 44.0000
194259.0918 22.0000
194259.3419 44.0000
194259.5918 33.0000
194259.8418 44.0000
194260.0926 66.0000
194260.3418 44.0000
194260.5918 33.0000
194260.8418 11.0000
194261.0918 22.0000
194261.3418 33.0000
194261.5918 44.0000
194261.8418 11.0000
194262.0918 55.0000
194262.3418 11.0000
194262.5918 33.0000
194262.8418 55.0000
194263.0918 33.0000
194263.3418 11.0000
194263.5918 55.0000
194263.8418 66.0000
194264.0917 33.0000
194264.3418 11.0000
194264.5918 33.0000
194264.8418 11.0000
194265.0917 44.0000
194265.3418 66.0000
194265.5918 11.0000
194265.8418 66.0000
194266.0918 33.0000
194266.3418 55.0000
194266.5918 11.0000
194266.8418 66.0000
194267.0921 11.0000
194267.3418 55.0000
194267.5918 66.0000
194267.8418 22.0000
194268.0920 44.0000
194268.3420 55.0000
194268.5917 22.0000
194268.8424 33.0000
194269.0922 55.0000
194269.3418 33.0000
194269.5918 44.0000
194269.8419 22.0000
194270.0918 44.0000
194270.3417 66.0000
194270.5918 22.0000
194270.8421 33.0000
194271.0925 22.0000
194271.3418 33.0000
194271.5918 11.0000
194271.8418 55.0000
194272.0918 22.0000
194272.3418 55.0000
194272.5918 22.0000
194272.8417 66.0000
194273.0916 55.0000
194273.3418 22.0000
194273.5925 55.0000
194273.8422 66.0000
194274.0918 11.0000
194274.3418 44.0000
194274.5921 33.0000
194274.8419 55.0000
194275.0917 22.0000
194275.3417 66.0000
194275.5928 44.0000
194275.8418 66.0000
194276.0917 44.0000
194276.3417 22.0000
194276.5918 11.0000
194276.8417 66.0000
194277.0918 55.0000
194277.3418 22.0000
194277.5917 55.0000
194277.8417 22.0000
194278.0917 66.0000
194278.3417 11.0000
194278.5918 33.0000
194278.8422 55.0000
194279.0919 33.0000
194279.3417 44.0000
194279.5917 55.0000
194279.8421 44.0000
194280.0917 55.0000
194280.3417 22.0000
194280.5921 33.0000
194280.8417 66.0000
194281.0922 11.0000
194281.3417 22.0000
194281.5918 33.0000
194281.8418 22.0000
194282.0917 11.0000
194282.3419 44.0000
194282.5919 11.0000
194282.8417 22.0000
194283.0918 44.0000
194283.3422 66.0000
194283.5916 55.0000
194283.8416 11.0000
194284.0917 22.0000
194284.3420 66.0000
194284.5917 33.0000
194284.8417 22.0000
194285.0917 55.0000
194285.3419 44.0000
194285.5918 22.0000
194285.8417 33.0000
194286.0917 11.0000
194286.3417 66.0000
194286.5917 44.0000
194286.8417 66.0000
194287.0917 22.0000
194287.3417 33.0000
194287.5916 22.0000
194287.8417 66.0000
194288.0921 55.0000
194288.3419 22.0000
194288.5925 55.0000
194288.8417 44.0000
194289.0917 55.0000
194289.3417 11.0000
194289.5921 66.0000
194289.8418 11.0000
194290.0917 55.0000
194290.3417 33.0000
194290.5917 44.0000
194290.8418 11.0000
194291.0922 55.0000
194291.3423 11.0000
194291.5918 44.0000
194291.8418 55.0000
194292.0920 11.0000
194292.3420 66.0000
194292.5917 44.0000
194292.8417 33.0000
194293.0917 11.0000
194293.3417 33.0000
194293.5917 55.0000
194293.8416 33.0000
194294.0917 55.0000
194294.3422 33.0000
194294.5918 11.0000
194294.8417 22.0000
194295.0916 33.0000
194295.3418 11.0000
194295.5925 44.0000
194295.8417 66.0000
194296.0917 11.0000
194296.3417 66.0000
194296.5923 55.0000
194296.8425 11.0000
194297.0918 22.0000
194297.3417 44.0000
194297.5917 22.0000
194297.8417 33.0000
194298.0917 22.0000
194298.3416 44.0000
194298.5919 33.0000
194298.8417 44.0000
194299.0916 33.0000
194299.3415 44.0000
194299.5917 22.0000
194299.8417 44.0000
194300.0916 22.0000
194300.3417 33.0000
194300.5917 55.0000
194300.8417 44.0000
194301.0916 66.0000
194301.3417 22.0000
194301.5917 11.0000
194301.8416 33.0000
194302.0920 44.0000
194302.3417 55.0000
194302.5916 11.0000
194302.8416 55.0000
194303.0916 44.0000
194303.3417 33.0000
194303.5916 11.0000
194303.8419 22.0000
194304.0917 55.0000
194304.3417 44.0000
194304.5916 11.0000
194304.8416 22.0000
194305.0916 44.0000
194305.3418 33.0000
194305.5916 11.0000
194305.8416 44.0000
194306.0921 11.0000
194306.3419 33.0000
194306.5917 55.0000
194306.8416 33.0000
194307.0916 66.0000
194307.3416 22.0000
194307.5917 11.0000
194307.8420 55.0000
194308.0916 66.0000
194308.3416 33.0000
194308.5917 22.0000
194308.8420 11.0000
194309.0916 66.0000
194309.3416 22.0000
194309.5915 55.0000
194309.8416 22.0000
194310.0916 66.0000
194310.3417 44.0000
194310.5916 55.0000
194310.8416 33.0000
194311.0921 66.0000
194311.3418 44.0000
194311.5916 11.0000
194311.8416 22.0000
194312.0916 66.0000
194312.3419 55.0000
194312.5921 11.0000
194312.8419 33.0000
194313.0916 11.0000
194313.3416 22.0000
194313.5916 66.0000
194313.8416 33.0000
194314.0916 55.0000
194314.3416 44.0000
194314.5916 55.0000
194314.8416 44.0000
194315.0918 55.0000
194315.3416 11.0000
194315.5919 66.0000
194315.8416 33.0000
194316.0916 11.0000
194316.3420 66.0000
194316.5917 44.0000
194316.8416 11.0000
194317.0915 33.0000
194317.3416 11.0000
194317.5916 44.0000
194317.8416 22.0000
194318.0916 44.0000
194318.3416 22.0000
194318.5916 66.0000
194318.8416 44.0000
194319.0916 55.0000
194319.3416 11.0000
194319.5920 44.0000
194319.8416 66.0000
194320.0923 22.0000
194320.3416 11.0000
194320.5916 44.0000
194320.8416 66.0000
194321.0915 22.0000
194321.3416 33.0000
194321.5919 44.0000
194321.8417 66.0000
194322.0916 11.0000
194322.3419 33.0000
194322.5916 11.0000
194322.8416 66.0000
194323.0916 33.0000
194323.3416 22.0000
194323.5915 44.0000
194323.8415 11.0000
194324.0916 22.0000
194324.3416 44.0000
194324.5916 11.0000
194324.8416 66.0000
194325.0916 11.0000
194325.3416 66.0000
194325.5921 55.0000
194325.8416 66.0000
194326.0915 33.0000
194326.3416 55.0000
194326.5920 11.0000
194326.8416 44.0000
194327.0915 66.0000
194327.3416 44.0000
194327.5916 11.0000
194327.8416 22.0000
194328.0915 33.0000
194328.3422 11.0000
194328.5916 44.0000
194328.8416 11.0000
194329.0915 55.0000
194329.3416 66.0000
194329.5916 55.0000
194329.8415 66.0000
194330.0923 22.0000
194330.3418 66.0000
194330.5917 33.0000
194330.8415 55.0000
194331.0920 11.0000
194331.3417 44.0000
194331.5917 22.0000
194331.8419 44.0000
194332.0917 66.0000
194332.3415 22.0000
194332.5915 66.0000
194332.8421 55.0000
194333.0922 44.0000
194333.3415 22.0000
194333.5917 11.0000
194333.8415 22.0000
194334.0915 44.0000
194334.3422 55.0000
194334.5915 11.0000
194334.8415 55.0000
194335.0917 66.0000
194335.3415 55.0000
194335.5915 44.0000
194335.8416 22.0000
194336.0917 44.0000
194336.3415 22.0000
194336.5915 44.0000
194336.8415 22.0000
194337.0918 33.0000
194337.3415 66.0000
194337.5916 44.0000
194337.8415 66.0000
194338.0918 33.0000
194338.3415 55.0000
194338.5915 44.0000
194338.8415 33.0000
194339.0915 66.0000
194339.3415 55.0000
194339.5915 11.0000
194339.8419 55.0000
194340.0915 11.0000
194340.3415 55.0000
194340.5916 66.0000
194340.8415 11.0000
194341.0921 33.0000
194341.3415 55.0000
194341.5915 66.0000
194341.8420 22.0000
194342.0921 11.0000
194342.3416 44.0000
194342.5915 33.0000
194342.8418 44.0000
194343.0916 55.0000
194343.3416 44.0000
194343.5915 11.0000
194343.8415 66.0000
194344.0915 55.0000
194344.3415 11.0000
194344.5917 22.0000
194344.8415 44.0000
194345.0915 11.0000
194345.3417 44.0000
194345.5915 55.0000
194345.8414 66.0000
194346.0915 22.0000
194346.3417 44.0000
194346.5915 11.0000
194346.8415 33.0000
194347.0915 66.0000
194347.3415 55.0000
194347.5915 66.0000
194347.8415 44.0000
194348.0915 33.0000
194348.3417 44.0000
194348.5916 11.0000
194348.8415 55.0000
194349.0915 33.0000
194349.3419 44.0000
194349.5915 22.0000
194349.8421 66.0000
194350.0914 11.0000
194350.3415 66.0000
194350.5915 11.0000
194350.8415 44.0000
194351.0918 55.0000
194351.3415 66.0000
194351.5915 22.0000
194351.8415 55.0000
194352.0920 11.0000
194352.3417 22.0000
194352.5915 44.0000
194352.8420 55.0000
194353.0916 66.0000
194353.3413 33.0000
194353.5914 22.0000
194353.8415 11.0000
194354.0915 66.0000
194354.3414 33.0000
194354.5915 66.0000
194354.8416 55.0000
194355.0918 66.0000
194355.3419 11.0000
194355.5915 33.0000
194355.8421 11.0000
194356.0915 66.0000
194356.3414 22.0000
194356.5915 11.0000
194356.8414 66.0000
194357.0916 22.0000
194357.3414 44.0000
194357.5915 33.0000
194357.8415 44.0000
194358.0915 66.0000
194358.3414 44.0000
194358.5915 66.0000
194358.8418 44.0000
194359.0916 22.0000
194359.3413 44.0000
194359.5917 33.0000
194359.8414 22.0000
194360.0915 44.0000
194360.3417 55.0000
194360.5915 11.0000
194360.8414 55.0000
194361.0915 66.0000
194361.3414 33.0000
194361.5916 55.0000
194361.8414 22.0000
194362.0919 55.0000
194362.3414 22.0000
194362.5919 66.0000
194362.8414 33.0000
194363.0915 11.0000
194363.3419 55.0000
194363.5920 66.0000
194363.8416 11.0000
194364.0914 33.0000
194364.3415 55.0000
194364.5917 11.0000
194364.8419 66.0000
194365.0915 33.0000
194365.3416 22.0000
194365.5916 66.0000
194365.8419 44.0000
194366.0915 66.0000
194366.3419 11.0000
194366.5915 55.0000
194366.8414 11.0000
194367.0914 55.0000
194367.3414 33.0000
194367.5917 44.0000
194367.8414 33.0000
194368.0914 66.0000
194368.3414 33.0000
194368.5914 55.0000
194368.8414 44.0000
194369.0914 11.0000
194369.3416 33.0000
194369.5914 66.0000
194369.8414 33.0000
194370.0914 55.0000
194370.3416 33.0000
194370.5916 44.0000
194370.8415 22.0000
194371.0916 55.0000
194371.3417 22.0000
194371.5914 44.0000
194371.8414 33.0000
194372.0914 22.0000
194372.3417 55.0000
194372.5914 33.0000
194372.8414 22.0000
194373.0914 11.0000
194373.3414 44.0000
194373.5917 11.0000
194373.8414 22.0000
194374.0914 66.0000
194374.3414 33.0000
194374.5916 22.0000
194374.8414 11.0000
194375.0917 66.0000
194375.3414 44.0000
194375.5914 22.0000
194375.8414 44.0000
194376.0914 33.0000
194376.3414 66.0000
194376.5914 33.0000
194376.8416 11.0000
194377.0914 66.0000
194377.3414 33.0000
194377.5914 66.0000
194377.8416 33.0000
194378.0914 44.0000
194378.3414 66.0000
194378.5914 11.0000
194378.8414 33.0000
194379.0914 44.0000
194379.3418 11.0000
194379.5914 33.0000
194379.8414 11.0000
194380.0913 44.0000
194380.3413 22.0000
194380.5914 11.0000
194380.8416 66.0000
194381.0914 22.0000
194381.3418 11.0000
194381.5913 66.0000
194381.8413 33.0000
194382.0914 66.0000
194382.3414 22.0000
194382.5914 11.0000
194382.8418 33.0000
194383.0914 55.0000
194383.3415 22.0000
194383.5916 11.0000
194383.8413 55.0000
194384.0913 44.0000
194384.3420 66.0000
194384.5914 55.0000
194384.8414 11.0000
194385.0916 66.0000
194385.3413 11.0000
194385.5913 22.0000
194385.8413 11.0000
194386.0918 22.0000
194386.3414 55.0000
194386.5913 66.0000
194386.8415 33.0000
194387.0913 55.0000
194387.3417 66.0000
194387.5914 11.0000
194387.8413 33.0000
194388.0913 11.0000
194388.3413 44.0000
194388.5914 55.0000
194388.8415 33.0000
194389.0913 44.0000
194389.3413 22.0000
194389.5913 11.0000
194389.8419 33.0000
194390.0913 66.0000
194390.3420 55.0000
194390.5915 33.0000
194390.8414 44.0000
194391.0915 33.0000
194391.3416 55.0000
194391.5916 22.0000
194391.8418 66.0000
194392.0913 11.0000
194392.3414 33.0000
194392.5920 66.0000
194392.8413 11.0000
194393.0913 55.0000
194393.3413 11.0000
194393.5914 66.0000
194393.8413 44.0000
194394.0915 22.0000
194394.3414 44.0000
194394.5916 22.0000
194394.8413 11.0000
194395.0914 66.0000
194395.3414 33.0000
194395.5913 66.0000
194395.8418 22.0000
194396.0916 66.0000
194396.3412 22.0000
194396.5913 33.0000
194396.8413 22.0000
194397.0913 44.0000
194397.3416 33.0000
194397.5913 44.0000
194397.8419 33.0000
194398.0913 11.0000
194398.3414 55.0000
194398.5913 66.0000
194398.8413 33.0000
194399.0913 55.0000
194399.3413 22.0000
194399.5914 33.0000
194399.8413 44.0000
194400.0913 22.0000
194400.3413 11.0000
194400.5913 33.0000
194400.8413 22.0000
194401.0913 11.0000
194401.3413 55.0000
194401.5916 22.0000
194401.8413 55.0000
194402.0918 66.0000
194402.3413 44.0000
194402.5913 22.0000
194402.8414 11.0000
194403.0913 33.0000
194403.3413 55.0000
194403.5915 44.0000
194403.8412 11.0000
194404.0913 66.0000
194404.3413 11.0000
194404.5913 33.0000
194404.8414 66.0000
194405.0916 22.0000
194405.3412 66.0000
194405.5913 55.0000
194405.8413 66.0000
194406.0913 11.0000
194406.3412 22.0000
194406.5912 55.0000
194406.8417 66.0000
194407.0913 44.0000
194407.3413 55.0000
194407.5913 66.0000
194407.8412 11.0000
194408.0913 33.0000
194408.3412 11.0000
194408.5913 44.0000
194408.8413 33.0000
194409.0913 66.0000
194409.3413 55.0000
194409.5912 44.0000
194409.8413 66.0000
194410.0912 33.0000
194410.3413 44.0000
194410.5913 66.0000
194410.8414 22.0000
194411.0912 44.0000
194411.3412 22.0000
194411.5916 66.0000
194411.8418 55.0000
194412.0913 44.0000
194412.3413 22.0000
194412.5917 33.0000
194412.8413 44.0000
194413.0914 33.0000
194413.3412 55.0000
194413.5916 66.0000
194413.8415 22.0000
194414.0913 44.0000
194414.3413 66.0000
194414.5914 44.0000
194414.8412 55.0000
194415.0912 66.0000
194415.3412 22.0000
194415.5913 11.0000
194415.8412 66.0000
194416.0913 11.0000
194416.3413 44.0000
194416.5912 22.0000
194416.8412 44.0000
194417.0913 11.0000
194417.3412 44.0000
194417.5913 33.0000
194417.8412 11.0000
194418.0912 22.0000
194418.3412 44.0000
194418.5912 33.0000
194418.8412 66.0000
194419.0914 33.0000
194419.3414 55.0000
194419.5913 33.0000
194419.8413 55.0000
194420.0912 33.0000
194420.3412 55.0000
194420.5912 11.0000
194420.8415 22.0000
194421.0912 11.0000
194421.3418 44.0000
194421.5912 22.0000
194421.8414 11.0000
194422.0912 33.0000
194422.3412 44.0000
194422.5914 33.0000
194422.8417 22.0000
194423.0918 55.0000
194423.3412 44.0000
194423.5913 55.0000
194423.8412 22.0000
194424.0912 55.0000
194424.3412 22.0000
194424.5912 55.0000
194424.8412 44.0000
194425.0918 66.0000
194425.3412 55.0000
194425.5912 66.0000
194425.8412 11.0000
194426.0914 22.0000
194426.3412 55.0000
194426.5912 44.0000
194426.8413 33.0000
194427.0912 11.0000
194427.3412 44.0000
194427.5914 55.0000
194427.8412 33.0000
194428.0912 11.0000
194428.3417 44.0000
194428.5919 66.0000
194428.8414 44.0000
194429.0920 55.0000
194429.3412 44.0000
194429.5912 55.0000
194429.8412 11.0000
194430.0912 44.0000
194430.3412 66.0000
194430.5912 22.0000
194430.8412 44.0000
194431.0912 22.0000
194431.3414 11.0000
194431.5912 22.0000
194431.8412 44.0000
194432.0912 11.0000
194432.3412 66.0000
194432.5914 44.0000
194432.8414 33.0000
194433.0914 66.0000
194433.3412 22.0000
194433.5911 44.0000
194433.8411 33.0000
194434.0912 22.0000
194434.3412 66.0000
194434.5912 22.0000
194434.8412 44.0000
194435.0917 11.0000
194435.3412 22.0000
194435.5912 44.0000
194435.8417 66.0000
194436.0912 44.0000
194436.3411 22.0000
194436.5912 55.0000
194436.8412 22.0000
194437.0912 11.0000
194437.3412 55.0000
194437.5913 33.0000
194437.8415 55.0000
194438.0912 66.0000
194438.3412 33.0000
194438.5912 55.0000
194438.8411 33.0000
194439.0914 22.0000
194439.3412 55.0000
194439.5912 44.0000
194439.8412 55.0000
194440.0912 33.0000
194440.3416 44.0000
194440.5912 33.0000
194440.8414 66.0000
194441.0918 11.0000
194441.3411 44.0000
194441.5911 55.0000
194441.8412 22.0000
194442.0912 55.0000
194442.3414 22.0000
194442.5921 66.0000
194442.8411 11.0000
194443.0915 22.0000
194443.3413 55.0000
194443.5913 66.0000
194443.8411 55.0000
194444.0913 11.0000
194444.3412 44.0000
194444.5911 11.0000
194444.8411 55.0000
194445.0911 11.0000
194445.3411 66.0000
194445.5911 22.0000
194445.8411 44.0000
194446.0911 55.0000
194446.3413 66.0000
194446.5917 11.0000
194446.8411 33.0000
194447.0911 44.0000
194447.3414 66.0000
194447.5911 11.0000
194447.8411 66.0000
194448.0910 44.0000
194448.3411 11.0000
194448.5911 33.0000
194448.8411 11.0000
194449.0911 44.0000
194449.3411 33.0000
194449.5912 66.0000
194449.8411 11.0000
194450.0911 44.0000
194450.3412 55.0000
194450.5912 22.0000
194450.8411 33.0000
194451.0915 66.0000
194451.3418 55.0000
194451.5913 33.0000
194451.8413 44.0000
194452.0916 55.0000
194452.3411 11.0000
194452.5911 66.0000
194452.8412 55.0000
194453.0911 11.0000
194453.3412 22.0000
194453.5913 66.0000
194453.8411 44.0000
194454.0911 22.0000
194454.3411 33.0000
194454.5911 11.0000
194454.8414 33.0000
194455.0911 22.0000
194455.3411 66.0000
194455.5911 22.0000
194455.8411 33.0000
194456.0911 55.0000
194456.3411 22.0000
194456.5911 55.0000
194456.8411 22.0000
194457.0911 66.0000
194457.3413 33.0000
194457.5910 66.0000
194457.8411 11.0000
194458.0911 66.0000
194458.3411 33.0000
194458.5911 44.0000
194458.8411 33.0000
194459.0911 66.0000
194459.3411 22.0000
194459.5911 33.0000
194459.8413 66.0000
194460.0911 44.0000
194460.3411 55.0000
194460.5911 44.0000
194460.8411 55.0000
194461.0913 22.0000
194461.3411 33.0000
194461.5911 11.0000
194461.8415 66.0000
194462.0917 33.0000
194462.3410 44.0000
194462.5911 55.0000
194462.8411 22.0000
194463.0915 33.0000
194463.3411 22.0000
194463.5917 33.0000
194463.8413 11.0000
194464.0911 55.0000
194464.3410 66.0000
194464.5911 22.0000
194464.8412 55.0000
194465.0911 22.0000
194465.3411 55.0000
194465.5915 11.0000
194465.8417 55.0000
194466.0910 11.0000
194466.3411 55.0000
194466.5915 44.0000
194466.8414 11.0000
194467.0910 66.0000
194467.3411 55.0000
194467.5913 11.0000
194467.8411 66.0000
194468.0910 55.0000
194468.3411 11.0000
194468.5911 22.0000
194468.8411 33.0000
194469.0911 44.0000
194469.3411 11.0000
194469.5910 44.0000
194469.8411 66.0000
194470.0910 22.0000
194470.3411 66.0000
194470.5917 55.0000
194470.8411 11.0000
194471.0915 22.0000
194471.3411 44.0000
194471.5912 11.0000
194471.8413 33.0000
194472.0910 44.0000
194472.3411 33.0000
194472.5915 66.0000
194472.8411 44.0000
194473.0910 66.0000
194473.3411 11.0000
194473.5910 22.0000
194473.8418 66.0000
194474.0910 44.0000
194474.3413 33.0000
194474.5910 22.0000
194474.8412 11.0000
194475.0910 22.0000
194475.3413 33.0000
194475.5910 22.0000
194475.8411 66.0000
194476.0910 22.0000
194476.3411 66.0000
194476.5910 44.0000
194476.8411 33.0000
194477.0910 55.0000
194477.3410 33.0000
194477.5916 66.0000
194477.8412 22.0000
194478.0910 33.0000
194478.3410 22.0000
194478.5910 11.0000
194478.8410 33.0000
194479.0910 22.0000
194479.3415 44.0000
194479.5910 11.0000
194479.8410 55.0000
194480.0914 66.0000
194480.3410 11.0000
194480.5910 44.0000
194480.8414 66.0000
194481.0914 55.0000
194481.3410 66.0000
194481.5911 22.0000
194481.8412 66.0000
194482.0911 33.0000
194482.3410 22.0000
194482.5910 55.0000
194482.8410 33.0000
194483.0910 55.0000
194483.3410 33.0000
194483.5910 22.0000
194483.8410 33.0000
194484.0910 22.0000
194484.3412 44.0000
194484.5914 11.0000
194484.8410 55.0000
194485.0909 22.0000
194485.3413 11.0000
194485.5910 33.0000
194485.8410 44.0000
194486.0910 33.0000
194486.3410 44.0000
194486.5910 55.0000
194486.8410 44.0000
194487.0913 66.0000
194487.3412 11.0000
194487.5913 66.0000
194487.8412 55.0000
194488.0910 33.0000
194488.3410 66.0000
194488.5910 33.0000
194488.8414 66.0000
194489.0909 33.0000
194489.3410 22.0000
194489.5913 11.0000
194489.8410 22.0000
194490.0914 66.0000
194490.3410 11.0000
194490.5910 33.0000
194490.8410 44.0000
194491.0912 55.0000
194491.3410 33.0000
194491.5910 66.0000
194491.8410 33.0000
194492.0910 55.0000
194492.3411 22.0000
194492.5910 11.0000
194492.8410 55.0000
194493.0910 44.0000
194493.3410 66.0000
194493.5910 44.0000
194493.8409 11.0000
194494.0909 66.0000
194494.3409 44.0000
194494.5910 66.0000
194494.8410 44.0000
194495.0909 22.0000
194495.3410 55.0000
194495.5910 33.0000
194495.8414 22.0000
194496.0909 66.0000
194496.3414 44.0000
194496.5909 55.0000
194496.8410 22.0000
194497.0910 55.0000
194497.3410 11.0000
194497.5910 66.0000
194497.8409 11.0000
194498.0909 22.0000
194498.3410 44.0000
194498.5910 66.0000
194498.8410 33.0000
194499.0914 11.0000
194499.3409 55.0000
194499.5909 22.0000
194499.8409 55.0000
194500.0909 22.0000
194500.3410 44.0000
194500.5910 55.0000
194500.8410 22.0000
194501.0910 55.0000
194501.3410 22.0000
194501.5910 66.0000
194501.8409 33.0000
194502.0910 66.0000
194502.3409 11.0000
194502.5910 33.0000
194502.8409 55.0000
194503.0910 66.0000
194503.3409 55.0000
194503.5910 44.0000
194503.8412 55.0000
194504.0911 66.0000
194504.3409 55.0000
194504.5910 22.0000
194504.8414 55.0000
194505.0909 22.0000
194505.3412 44.0000
194505.5910 22.0000
194505.8410 33.0000
194506.0910 11.0000
194506.3410 55.0000
194506.5909 33.0000
194506.8410 55.0000
194507.0909 22.0000
194507.3410 66.0000
194507.5912 44.0000
194507.8408 22.0000
194508.0910 33.0000
194508.3415 44.0000
194508.5909 22.0000
194508.8408 66.0000
194509.0911 33.0000
194509.3409 44.0000
194509.5910 11.0000
194509.8408 33.0000
194510.0910 66.0000
194510.3409 55.0000
194510.5910 22.0000
194510.8408 11.0000
194511.0910 33.0000
194511.3409 44.0000
194511.5909 33.0000
194511.8418 22.0000
194512.0911 55.0000
194512.3409 66.0000
194512.5918 55.0000
194512.8412 11.0000
194513.0909 22.0000
194513.3409 11.0000
194513.5909 33.0000
194513.8414 66.0000
194514.0910 33.0000
194514.3416 44.0000
194514.5910 33.0000
194514.8409 55.0000
194515.0909 66.0000
194515.3412 33.0000
194515.5909 44.0000
194515.8409 66.0000
194516.0909 44.0000
194516.3409 66.0000
194516.5911 44.0000
194516.8409 22.0000
194517.0909 66.0000
194517.3409 22.0000
194517.5909 44.0000
194517.8409 66.0000
194518.0909 55.0000
194518.3409 44.0000
194518.5909 66.0000
194518.8409 44.0000
194519.0909 55.0000
194519.3409 22.0000
194519.5908 44.0000
194519.8409 55.0000
194520.0909 11.0000
194520.3409 44.0000
194520.5909 11.0000
194520.8408 22.0000
194521.0908 55.0000
194521.3409 33.0000
194521.5908 66.0000
194521.8409 33.0000
194522.0908 44.0000
194522.3409 11.0000
194522.5908 66.0000
194522.8409 44.0000
194523.0908 66.0000
194523.3409 22.0000
194523.5910 33.0000
194523.8408 44.0000
194524.0908 55.0000
194524.3414 11.0000
194524.5915 66.0000
194524.8409 55.0000
194525.0908 11.0000
194525.3415 22.0000
194525.5908 11.0000
194525.8408 22.0000
194526.0909 33.0000
194526.3409 44.0000
194526.5908 11.0000
194526.8408 22.0000
194527.0908 55.0000
194527.3408 11.0000
194527.5912 44.0000
194527.8409 55.0000
194528.0908 66.0000
194528.3411 55.0000
194528.5908 22.0000
194528.8408 44.0000
194529.0908 66.0000
194529.3408 55.0000
194529.5908 44.0000
194529.8412 55.0000
194530.0908 66.0000
194530.3410 11.0000
194530.5909 44.0000
194530.8408 55.0000
194531.0908 11.0000
194531.3408 44.0000
194531.5909 33.0000
194531.8409 11.0000
194532.0909 55.0000
194532.3409 44.0000
194532.5908 33.0000
194532.8408 55.0000
194533.0908 66.0000
194533.3408 22.0000
194533.5908 11.0000
194533.8410 55.0000
194534.0908 11.0000
194534.3408 33.0000
194534.5908 66.0000
194534.8408 33.0000
194535.0909 55.0000
194535.3411 11.0000
194535.5908 22.0000
194535.8409 66.0000
194536.0910 33.0000
194536.3408 22.0000
194536.5908 55.0000
194536.8408 33.0000
194537.0908 22.0000
194537.3408 66.0000
194537.5912 11.0000
194537.8409 33.0000
194538.0908 22.0000
194538.3409 55.0000
194538.5910 44.0000
194538.8410 33.0000
194539.0908 11.0000
194539.3408 55.0000
194539.5909 22.0000
194539.8411 33.0000
194540.0908 22.0000
194540.3409 44.0000
194540.5908 22.0000
194540.8408 55.0000
194541.0908 22.0000
194541.3407 44.0000
194541.5908 22.0000
194541.8408 11.0000
194542.0912 44.0000
194542.3409 33.0000
194542.5908 22.0000
194542.8409 66.0000
194543.0908 11.0000
194543.3415 22.0000
194543.5908 44.0000
194543.8407 55.0000
194544.0908 44.0000
194544.3408 11.0000
194544.5908 22.0000
194544.8408 66.0000
194545.0908 11.0000
194545.3408 66.0000
194545.5908 22.0000
194545.8408 33.0000
194546.0908 44.0000
194546.3409 55.0000
194546.5908 66.0000
194546.8408 55.0000
194547.0907 66.0000
194547.3408 22.0000
194547.5908 44.0000
194547.8413 55.0000
194548.0908 11.0000
194548.3408 55.0000
194548.5912 44.0000
194548.8409 22.0000
194549.0908 66.0000
194549.3409 44.0000
194549.5908 11.0000
194549.8408 44.0000
194550.0908 11.0000
194550.3408 33.0000
194550.5908 55.0000
194550.8408 22.0000
194551.0907 33.0000
194551.3408 11.0000
194551.5907 33.0000
194551.8410 11.0000
194552.0912 33.0000
194552.3408 55.0000
194552.5908 44.0000
194552.8412 11.0000
194553.0908 55.0000
194553.3408 66.0000
194553.5908 11.0000
194553.8408 33.0000
194554.0933 11.0000
194554.3407 44.0000
194554.5908 11.0000
194554.8408 44.0000
194555.0908 33.0000
194555.3408 44.0000
194555.5907 66.0000
194555.8408 11.0000
194556.0907 66.0000
194556.3408 44.0000
194556.5908 22.0000
194556.8407 33.0000
194557.0910 44.0000
194557.3408 66.0000
194557.5907 22.0000
194557.8409 66.0000
194558.0907 55.0000
194558.3406 44.0000
194558.5912 55.0000
194558.8413 66.0000
194559.0907 44.0000
194559.3408 33.0000
194559.5907 22.0000
194559.8408 44.0000
194560.0908 66.0000
194560.3409 11.0000
194560.5907 33.0000
194560.8407 11.0000
194561.0908 55.0000
194561.3407 66.0000
194561.5907 55.0000
194561.8407 44.0000
194562.0907 11.0000
194562.3408 55.0000
194562.5907 33.0000
194562.8411 55.0000
194563.0907 22.0000
194563.3414 66.0000
194563.5907 11.0000
194563.8407 66.0000
194564.0909 22.0000
194564.3407 33.0000
194564.5907 55.0000
194564.8407 22.0000
194565.0909 55.0000
194565.3407 11.0000
194565.5907 33.0000
194565.8412 66.0000
194566.0907 55.0000
194566.3407 66.0000
194566.5907 22.0000
194566.8408 11.0000
194567.0907 33.0000
194567.3407 44.0000
194567.5907 66.0000
194567.8407 22.0000
194568.0907 66.0000
194568.3409 55.0000
194568.5907 44.0000
194568.8407 33.0000
194569.0907 44.0000
194569.3409 22.0000
194569.5907 66.0000
194569.8407 22.0000
194570.0912 11.0000
194570.3409 55.0000
194570.5907 33.0000
194570.8407 66.0000
194571.0907 11.0000
194571.3408 66.0000
194571.5907 33.0000
194571.8407 66.0000
194572.0913 11.0000
194572.3412 33.0000
194572.5908 44.0000
194572.8409 11.0000
194573.0907 44.0000
194573.3407 55.0000
194573.5910 22.0000
194573.8407 44.0000
194574.0913 33.0000
194574.3407 44.0000
194574.5908 33.0000
194574.8409 55.0000
194575.0912 44.0000
194575.3407 11.0000
194575.5907 22.0000
194575.8407 44.0000
194576.0912 22.0000
194576.3407 55.0000
194576.5907 66.0000
194576.8409 22.0000
194577.0907 11.0000
194577.3407 66.0000
194577.5907 33.0000
194577.8406 66.0000
194578.0907 55.0000
194578.3407 22.0000
194578.5907 11.0000
194578.8414 55.0000
194579.0907 22.0000
194579.3407 11.0000
194579.5907 66.0000
194579.8406 22.0000
194580.0908 33.0000
194580.3407 66.0000
194580.5907 55.0000
194580.8407 33.0000
194581.0907 22.0000
194581.3407 33.0000
194581.5907 55.0000
194581.8407 44.0000
194582.0906 55.0000
194582.3406 66.0000
194582.5907 55.0000
194582.8407 66.0000
194583.0907 11.0000
194583.3406 66.0000
194583.5911 33.0000
194583.8407 55.0000
194584.0907 22.0000
194584.3406 44.0000
194584.5907 11.0000
194584.8406 22.0000
194585.0907 11.0000
194585.3409 66.0000
194585.5907 44.0000
194585.8409 55.0000
194586.0907 22.0000
194586.3411 33.0000
194586.5907 55.0000
194586.8406 44.0000
194587.0907 33.0000
194587.3410 66.0000
194587.5907 55.0000
194587.8406 33.0000
194588.0908 66.0000
194588.3410 22.0000
194588.5907 11.0000
194588.8406 44.0000
194589.0906 55.0000
194589.3407 22.0000
194589.5915 11.0000
194589.8406 44.0000
194590.0906 11.0000
194590.3406 22.0000
194590.5906 11.0000
194590.8406 55.0000
194591.0906 66.0000
194591.3406 55.0000
194591.5906 11.0000
194591.8406 55.0000
194592.0906 66.0000
194592.3406 22.0000
194592.5907 55.0000
194592.8406 66.0000
194593.0906 33.0000
194593.3406 11.0000
194593.5906 44.0000
194593.8406 55.0000
194594.0908 66.0000
194594.3411 33.0000
194594.5906 44.0000
194594.8406 33.0000
194595.0906 22.0000
194595.3406 44.0000
194595.5906 11.0000
194595.8406 66.0000
194596.0906 22.0000
194596.3406 33.0000
194596.5906 44.0000
194596.8406 22.0000
194597.0906 11.0000
194597.3411 55.0000
194597.5911 66.0000
194597.8406 22.0000
194598.0906 66.0000
194598.3406 11.0000
194598.5906 66.0000
194598.8406 11.0000
194599.0911 44.0000
194599.3406 66.0000
194599.5906 55.0000
194599.8406 33.0000
194600.0906 22.0000
194600.3406 55.0000
194600.5908 22.0000
194600.8406 11.0000
194601.0906 55.0000
194601.3406 33.0000
194601.5907 44.0000
194601.8411 22.0000
194602.0906 11.0000
194602.3407 44.0000
194602.5906 22.0000
194602.8407 33.0000
194603.0906 11.0000
194603.3406 55.0000
194603.5905 44.0000
194603.8406 33.0000
194604.0909 55.0000
194604.3406 66.0000
194604.5908 55.0000
194604.8406 33.0000
194605.0908 44.0000
194605.3406 66.0000
194605.5908 11.0000
194605.8406 22.0000
194606.0906 11.0000
194606.3406 33.0000
194606.5906 66.0000
194606.8405 55.0000
194607.0906 33.0000
194607.3409 66.0000
194607.5906 55.0000
194607.8408 44.0000
194608.0906 33.0000
194608.3408 11.0000
194608.5906 33.0000
194608.8406 55.0000
194609.0913 44.0000
194609.3407 11.0000
194609.5906 22.0000
194609.8406 66.0000
194610.0906 22.0000
194610.3406 55.0000
194610.5905 11.0000
194610.8406 44.0000
194611.0906 55.0000
194611.3412 33.0000
194611.5905 66.0000
194611.8406 33.0000
194612.0906 11.0000
194612.3406 55.0000
194612.5906 66.0000
194612.8406 55.0000
194613.0905 33.0000
194613.3406 11.0000
194613.5905 55.0000
194613.8408 11.0000
194614.0905 66.0000
194614.3410 33.0000
194614.5906 11.0000
194614.8406 44.0000
194615.0905 66.0000
194615.3408 11.0000
194615.5906 33.0000
194615.8406 55.0000
194616.0905 66.0000
194616.3406 33.0000
194616.5906 44.0000
194616.8408 11.0000
194617.0906 33.0000
194617.3406 66.0000
194617.5906 22.0000
194617.8408 55.0000
194618.0937 33.0000
194618.3405 55.0000
194618.5908 33.0000
194618.8406 22.0000
194619.0905 33.0000
194619.3406 11.0000
194619.5905 33.0000
194619.8412 55.0000
194620.0905 66.0000
194620.3412 44.0000
194620.5905 22.0000
194620.8408 55.0000
194621.0909 33.0000
194621.3406 44.0000
194621.5910 11.0000
194621.8406 55.0000
194622.0905 33.0000
194622.3406 11.0000
194622.5910 44.0000
194622.8406 66.0000
194623.0915 22.0000
194623.3408 66.0000
194623.5913 55.0000
194623.8406 66.0000
194624.0905 33.0000
194624.3405 66.0000
194624.5907 55.0000
194624.8405 44.0000
194625.0905 33.0000
194625.3405 55.0000
194625.5905 22.0000
194625.8409 44.0000
194626.0905 22.0000
194626.3405 66.0000
194626.5905 11.0000
194626.8405 44.0000
194627.0905 11.0000
194627.3410 55.0000
194627.5907 44.0000
194627.8405 55.0000
194628.0905 22.0000
194628.3405 33.0000
194628.5905 55.0000
194628.8405 44.0000
194629.0912 55.0000
194629.3405 11.0000
194629.5905 22.0000
194629.8405 33.0000
194630.0905 44.0000
194630.3405 11.0000
194630.5907 66.0000
194630.8405 44.0000
194631.0905 33.0000
194631.3405 11.0000
194631.5905 66.0000
194631.8405 33.0000
194632.0906 22.0000
194632.3405 44.0000
194632.5904 22.0000
194632.8405 33.0000
194633.0905 44.0000
194633.3405 22.0000
194633.5905 55.0000
194633.8407 33.0000
194634.0905 55.0000
194634.3405 11.0000
194634.5906 22.0000
194634.8405 33.0000
194635.0905 22.0000
194635.3407 66.0000
194635.5906 33.0000
194635.8405 55.0000
194636.0909 22.0000
194636.3410 66.0000
194636.5905 44.0000
194636.8405 33.0000
194637.0905 44.0000
194637.3405 55.0000
194637.5905 44.0000
194637.8405 33.0000
194638.0905 11.0000
194638.3404 55.0000
194638.5906 11.0000
194638.8409 44.0000
194639.0906 22.0000
194639.3405 11.0000
194639.5906 44.0000
194639.8405 22.0000
194640.0904 11.0000
194640.3405 44.0000
194640.5904 22.0000
194640.8405 55.0000
194641.0904 44.0000
194641.3412 33.0000
194641.5905 66.0000
194641.8405 11.0000
194642.0904 66.0000
194642.3404 22.0000
194642.5904 66.0000
194642.8404 55.0000
194643.0905 44.0000
194643.3405 66.0000
194643.5904 33.0000
194643.8409 22.0000
194644.0904 66.0000
194644.3405 22.0000
194644.5906 44.0000
194644.8407 33.0000
194645.0904 55.0000
194645.3404 11.0000
194645.5904 55.0000
194645.8404 66.0000
194646.0905 11.0000
194646.3404 55.0000
194646.5905 66.0000
194646.8404 11.0000
194647.0904 55.0000
194647.3407 22.0000
194647.5905 44.0000
194647.8405 11.0000
194648.0909 55.0000
194648.3405 22.0000
194648.5906 55.0000
194648.8404 22.0000
194649.0904 33.0000
194649.3404 11.0000
194649.5908 66.0000
194649.8404 44.0000
194650.0904 22.0000
194650.3404 11.0000
194650.5905 66.0000
194650.8404 22.0000
194651.0905 44.0000
194651.3409 22.0000
194651.5908 55.0000
194651.8404 66.0000
194652.0905 33.0000
194652.3404 22.0000
194652.5911 11.0000
194652.8405 22.0000
194653.0909 33.0000
194653.3406 22.0000
194653.5905 66.0000
194653.8404 55.0000
194654.0909 22.0000
194654.3404 11.0000
194654.5904 55.0000
194654.8404 33.0000
194655.0906 55.0000
194655.3405 66.0000
194655.5905 22.0000
194655.8411 33.0000
194656.0905 44.0000
194656.3409 22.0000
194656.5903 55.0000
194656.8404 33.0000
194657.0905 22.0000
194657.3404 44.0000
194657.5905 66.0000
194657.8403 44.0000
194658.0905 33.0000
194658.3404 11.0000
194658.5904 66.0000
194658.8404 22.0000
194659.0904 55.0000
194659.3403 22.0000
194659.5904 66.0000
194659.8404 55.0000
194660.0904 11.0000
194660.3404 55.0000
194660.5904 11.0000
194660.8404 33.0000
194661.0904 44.0000
194661.3406 11.0000
194661.5904 44.0000
194661.8404 66.0000
194662.0904 55.0000
194662.3409 11.0000
194662.5904 44.0000
194662.8407 22.0000
194663.0909 55.0000
194663.3408 66.0000
194663.5904 11.0000
194663.8404 22.0000
194664.0906 11.0000
194664.3406 44.0000
194664.5904 55.0000
194664.8410 66.0000
194665.0904 33.0000
194665.3404 22.0000
194665.5904 33.0000
194665.8404 44.0000
194666.0904 22.0000
194666.3404 44.0000
194666.5904 66.0000
194666.8404 22.0000
194667.0904 44.0000
194667.3403 33.0000
194667.5915 44.0000
194667.8412 55.0000
194668.0903 11.0000
194668.3404 55.0000
194668.5905 44.0000
194668.8403 33.0000
194669.0908 55.0000
194669.3404 33.0000
194669.5908 22.0000
194669.8404 33.0000
194670.0906 22.0000
194670.3404 33.0000
194670.5903 66.0000
194670.8404 55.0000
194671.0903 66.0000
194671.3404 55.0000
194671.5904 66.0000
194671.8406 33.0000
194672.0904 44.0000
194672.3403 22.0000
194672.5905 66.0000
194672.8405 33.0000
194673.0904 44.0000
194673.3403 11.0000
194673.5917 44.0000
194673.8404 66.0000
194674.0903 22.0000
194674.3404 44.0000
194674.5904 55.0000
194674.8406 44.0000
194675.0905 33.0000
194675.3403 11.0000
194675.5905 55.0000
194675.8403 66.0000
194676.0903 33.0000
194676.3404 55.0000
194676.5905 22.0000
194676.8403 33.0000
194677.0903 22.0000
194677.3404 11.0000
194677.5905 55.0000
194677.8403 11.0000
194678.0905 33.0000
194678.3403 22.0000
194678.5904 44.0000
194678.8403 11.0000
194679.0903 55.0000
194679.3407 33.0000
194679.5903 55.0000
194679.8403 33.0000
194680.0903 44.0000
194680.3403 55.0000
194680.5903 22.0000
194680.8403 11.0000
194681.0903 55.0000
194681.3413 22.0000
194681.5903 33.0000
194681.8403 66.0000
194682.0903 33.0000
194682.3403 22.0000
194682.5903 11.0000
194682.8403 44.0000
194683.0903 55.0000
194683.3406 44.0000
194683.5909 33.0000
194683.8405 66.0000
194684.0903 33.0000
194684.3404 55.0000
194684.5910 33.0000
194684.8403 55.0000
194685.0904 44.0000
194685.3404 66.0000
194685.5903 55.0000
194685.8405 22.0000
194686.0903 55.0000
194686.3404 44.0000
194686.5903 22.0000
194686.8404 33.0000
194687.0903 66.0000
194687.3404 22.0000
194687.5904 11.0000
194687.8402 66.0000
194688.0903 11.0000
194688.3403 33.0000
194688.5913 66.0000
194688.8403 33.0000
194689.0906 66.0000
194689.3403 22.0000
194689.5907 55.0000
194689.8403 44.0000
194690.0903 22.0000
194690.3403 33.0000
194690.5903 22.0000
194690.8403 11.0000
194691.0903 22.0000
194691.3405 33.0000
194691.5903 22.0000
194691.8403 33.0000
194692.0905 55.0000
194692.3403 11.0000
194692.5909 44.0000
194692.8403 55.0000
194693.0912 22.0000
194693.3408 11.0000
194693.5903 33.0000
194693.8404 55.0000
194694.0903 44.0000
194694.3403 11.0000
194694.5903 22.0000
194694.8404 44.0000
194695.0903 11.0000
194695.3403 55.0000
194695.5903 44.0000
194695.8403 22.0000
194696.0913 66.0000
194696.3404 11.0000
194696.5910 22.0000
194696.8413 66.0000
194697.0903 22.0000
194697.3403 55.0000
194697.5905 44.0000
194697.8403 22.0000
194698.0903 66.0000
194698.3403 11.0000
194698.5904 33.0000
194698.8403 55.0000
194699.0902 33.0000
194699.3402 44.0000
194699.5902 22.0000
194699.8402 44.0000
194700.0903 11.0000
194700.3403 33.0000
194700.5903 66.0000
194700.8402 11.0000
194701.0903 22.0000
194701.3402 55.0000
194701.5903 33.0000
194701.8402 66.0000
194702.0901 55.0000
194702.3405 66.0000
194702.5902 11.0000
194702.8403 22.0000
194703.0903 11.0000
194703.3402 66.0000
194703.5902 22.0000
194703.8402 66.0000
194704.0902 11.0000
194704.3402 44.0000
194704.5902 55.0000
194704.8405 66.0000
194705.0902 44.0000
194705.3409 33.0000
194705.5905 11.0000
194705.8402 44.0000
194706.0902 66.0000
194706.3402 44.0000
194706.5903 11.0000
194706.8402 33.0000
194707.0902 44.0000
194707.3403 55.0000
194707.5902 66.0000
194707.8403 55.0000
194708.0904 66.0000
194708.3402 55.0000
194708.5902 11.0000
194708.8402 22.0000
194709.0906 66.0000
194709.3402 33.0000
194709.5904 22.0000
194709.8402 66.0000
194710.0902 22.0000
194710.3403 11.0000
194710.5903 66.0000
194710.8402 44.0000
194711.0902 22.0000
194711.3402 55.0000
194711.5909 11.0000
194711.8408 33.0000
194712.0902 22.0000
194712.3410 33.0000
194712.5902 22.0000
194712.8402 66.0000
194713.0902 22.0000
194713.3402 66.0000
194713.5902 33.0000
194713.8403 11.0000
194714.0902 33.0000
194714.3402 11.0000
194714.5902 44.0000
194714.8409 11.0000
194715.0902 22.0000
194715.3402 55.0000
194715.5902 33.0000
194715.8402 55.0000
194716.0902 11.0000
194716.3402 22.0000
194716.5902 66.0000
194716.8403 11.0000
194717.0902 66.0000
194717.3402 11.0000
194717.5905 66.0000
194717.8402 33.0000
194718.0902 66.0000
194718.3402 44.0000
194718.5902 33.0000
194718.8402 22.0000
194719.0903 44.0000
194719.3402 22.0000
194719.5902 11.0000
194719.8402 44.0000
194720.0902 11.0000
194720.3402 22.0000
194720.5902 44.0000
194720.8402 66.0000
194721.0902 55.0000
194721.3402 66.0000
194721.5902 55.0000
194721.8402 33.0000
194722.0904 55.0000
194722.3402 22.0000
194722.5902 44.0000
194722.8402 66.0000
194723.0902 55.0000
194723.3402 66.0000
194723.5902 33.0000
194723.8406 55.0000
194724.0905 66.0000
194724.3402 44.0000
194724.5902 22.0000
194724.8405 66.0000
194725.0903 11.0000
194725.3407 66.0000
194725.5902 11.0000
194725.8402 22.0000
194726.0902 44.0000
194726.3402 22.0000
194726.5902 66.0000
194726.8409 44.0000
194727.0902 22.0000
194727.3402 33.0000
194727.5902 55.0000
194727.8401 22.0000
194728.0902 55.0000
194728.3402 11.0000
194728.5902 55.0000
194728.8402 11.0000
194729.0903 55.0000
194729.3401 22.0000
194729.5903 11.0000
194729.8402 66.0000
194730.0902 55.0000
194730.3402 33.0000
194730.5902 55.0000
194730.8401 33.0000
194731.0902 44.0000
194731.3404 33.0000
194731.5902 11.0000
194731.8402 44.0000
194732.0901 66.0000
194732.3401 44.0000
194732.5904 55.0000
194732.8401 33.0000
194733.0901 66.0000
194733.3401 33.0000
194733.5904 22.0000
194733.8402 33.0000
194734.0902 66.0000
194734.3402 11.0000
194734.5901 33.0000
194734.8401 44.0000
194735.0901 11.0000
194735.3403 33.0000
194735.5901 11.0000
194735.8401 33.0000
194736.0913 66.0000
194736.3401 44.0000
194736.5902 22.0000
194736.8401 66.0000
194737.0905 44.0000
194737.3401 66.0000
194737.5902 11.0000
194737.8401 55.0000
194738.0901 22.0000
194738.3406 11.0000
194738.5902 55.0000
194738.8401 11.0000
194739.0901 55.0000
194739.3404 22.0000
194739.5901 55.0000
194739.8406 33.0000
194740.0903 11.0000
194740.3404 44.0000
194740.5902 55.0000
194740.8403 11.0000
194741.0903 55.0000
194741.3401 44.0000
194741.5911 66.0000
194741.8401 55.0000
194742.0901 22.0000
194742.3403 44.0000
194742.5903 11.0000
194742.8404 55.0000
194743.0901 22.0000
194743.3401 55.0000
194743.5901 22.0000
194743.8401 33.0000
194744.0905 44.0000
194744.3404 11.0000
194744.5901 33.0000
194744.8401 11.0000
194745.0901 55.0000
194745.3405 44.0000
194745.5901 66.0000
194745.8401 33.0000
194746.0901 44.0000
194746.3401 33.0000
194746.5901 11.0000
194746.8402 44.0000
194747.0902 66.0000
194747.3403 33.0000
194747.5901 55.0000
194747.8401 66.0000
194748.0901 44.0000
194748.3401 22.0000
194748.5901 33.0000
194748.8401 22.0000
194749.0901 44.0000
194749.3403 55.0000
194749.5908 33.0000
194749.8401 44.0000
194750.0901 11.0000
194750.3401 55.0000
194750.5901 11.0000
194750.8403 22.0000
194751.0901 44.0000
194751.3401 66.0000
194751.5903 11.0000
194751.8401 55.0000
194752.0901 44.0000
194752.3402 22.0000
194752.5901 66.0000
194752.8403 55.0000
194753.0905 44.0000
194753.3400 33.0000
194753.5906 11.0000
194755.3245 888.0000
194773.1573 999.0000
