15914.6685 777.0000
15917.6968 11.0000
15917.9468 22.0000
15918.1968 44.0000
15918.4468 22.0000
15918.6969 66.0000
15918.9468 22.0000
15919.1968 66.0000
15919.4470 44.0000
15919.6968 66.0000
15919.9467 22.0000
15920.1968 66.0000
15920.4468 33.0000
15920.6968 22.0000
15920.9469 55.0000
15921.1970 33.0000
15921.4468 44.0000
15921.6968 33.0000
15921.9471 66.0000
15922.1968 22.0000
15922.4471 33.0000
15922.6968 22.0000
15922.9468 66.0000
15923.1968 33.0000
15923.4473 44.0000
15923.6968 66.0000
15923.9468 11.0000
15924.1968 66.0000
15924.4469 11.0000
15924.6968 44.0000
15924.9468 66.0000
15925.1980 22.0000
15925.4469 66.0000
15925.6967 33.0000
15925.9469 22.0000
15926.1968 11.0000
15926.4467 22.0000
15926.6970 66.0000
15926.9467 22.0000
15927.1975 55.0000
15927.4467 22.0000
15927.6968 33.0000
15927.9469 22.0000
15928.1970 55.0000
15928.4473 22.0000
15928.6968 33.0000
15928.9466 66.0000
15929.1967 33.0000
15929.4468 44.0000
15929.6967 66.0000
15929.9468 44.0000
15930.1967 11.0000
15930.4471 22.0000
15930.6968 66.0000
15930.9467 55.0000
15931.1967 33.0000
15931.4467 11.0000
15931.6967 44.0000
15931.9469 33.0000
15932.1969 55.0000
15932.4468 33.0000
15932.6970 55.0000
15932.9467 33.0000
15933.1968 11.0000
15933.4470 22.0000
15933.6967 11.0000
15933.9468 66.0000
15934.1970 11.0000
15934.4472 22.0000
15934.6967 33.0000
15934.9473 22.0000
15935.1969 66.0000
15935.4467 55.0000
15935.6969 33.0000
15935.9467 11.0000
15936.1967 55.0000
15936.4467 11.0000
15936.6968 44.0000
15936.9467 33.0000
15937.1967 55.0000
15937.4467 33.0000
15937.6968 55.0000
15937.9467 11.0000
15938.1973 55.0000
15938.4467 11.0000
15938.6968 44.0000
15938.9467 55.0000
15939.1978 33.0000
15939.4473 11.0000
15939.6967 44.0000
15939.9467 11.0000
15940.1970 33.0000
15940.4473 11.0000
15940.6968 44.0000
15940.9467 55.0000
15941.1967 44.0000
15941.4467 66.0000
15941.6968 55.0000
15941.9470 66.0000
15942.1971 11.0000
15942.4471 66.0000
15942.6972 55.0000
15942.9472 44.0000
15943.1969 55.0000
15943.4473 11.0000
15943.6967 22.0000
15943.9469 11.0000
15944.1967 66.0000
15944.4467 22.0000
15944.6969 33.0000
15944.9480 55.0000
15945.1967 33.0000
15945.4472 22.0000
15945.6967 44.0000
15945.9467 55.0000
15946.1967 66.0000
15946.4471 11.0000
15946.6970 66.0000
15946.9467 55.0000
15947.1967 22.0000
15947.4467 66.0000
15947.6967 11.0000
15947.9469 33.0000
15948.1967 55.0000
15948.4467 66.0000
15948.6967 11.0000
15948.9470 44.0000
15949.1967 22.0000
15949.4473 55.0000
15949.6966 33.0000
15949.9471 66.0000
15950.1966 55.0000
15950.4471 44.0000
15950.6966 22.0000
15950.9470 33.0000
15951.1967 66.0000
15951.4466 44.0000
15951.6967 22.0000
15951.9467 66.0000
15952.1967 33.0000
15952.4472 55.0000
15952.6973 22.0000
15952.9472 44.0000
15953.1967 55.0000
15953.4467 44.0000
15953.6966 11.0000
15953.9467 33.0000
15954.1967 66.0000
15954.4467 44.0000
15954.6969 55.0000
15954.9468 44.0000
15955.1966 33.0000
15955.4467 44.0000
15955.6967 22.0000
15955.9467 11.0000
15956.1966 44.0000
15956.4469 55.0000
15956.6968 11.0000
15956.9470 33.0000
15957.1972 11.0000
15957.4466 66.0000
15957.6966 55.0000
15957.9479 22.0000
15958.1968 44.0000
15958.4467 55.0000
15958.6966 33.0000
15958.9470 11.0000
15959.1967 33.0000
15959.4469 55.0000
15959.6966 66.0000
15959.9466 33.0000
15960.1966 11.0000
15960.4469 44.0000
15960.6966 11.0000
15960.9467 66.0000
15961.1967 11.0000
15961.4466 33.0000
15961.6966 22.0000
15961.9466 11.0000
15962.1966 44.0000
15962.4468 66.0000
15962.6966 11.0000
15962.9465 66.0000
15963.1966 11.0000
15963.4482 33.0000
15963.6968 44.0000
15963.9467 66.0000
15964.1966 55.0000
15964.4467 22.0000
15964.6968 11.0000
15964.9467 33.0000
15965.1966 11.0000
15965.4466 55.0000
15965.6967 44.0000
15965.9466 11.0000
15966.1972 66.0000
15966.4466 55.0000
15966.6970 44.0000
15966.9466 11.0000
15967.1970 22.0000
15967.4466 55.0000
15967.6966 22.0000
15967.9466 11.0000
15968.1971 22.0000
15968.4466 55.0000
15968.6966 22.0000
15968.9474 33.0000
15969.1970 22.0000
15969.4468 55.0000
15969.6966 11.0000
15969.9466 44.0000
15970.1967 22.0000
15970.4466 33.0000
15970.6966 55.0000
15970.9471 66.0000
15971.1966 22.0000
15971.4466 11.0000
15971.6966 55.0000
15971.9468 22.0000
15972.1966 33.0000
15972.4466 66.0000
15972.6966 33.0000
15972.9465 22.0000
15973.1966 11.0000
15973.4466 33.0000
15973.6966 55.0000
15973.9466 44.0000
15974.1966 33.0000
15974.4466 55.0000
15974.6968 33.0000
15974.9466 11.0000
15975.1967 22.0000
15975.4467 33.0000
15975.6965 44.0000
15975.9466 55.0000
15976.1965 44.0000
15976.4468 55.0000
15976.6966 44.0000
15976.9474 66.0000
15977.1968 55.0000
15977.4466 11.0000
15977.6966 55.0000
15977.9465 11.0000
15978.1972 22.0000
15978.4474 66.0000
15978.6966 44.0000
15978.9474 33.0000
15979.1966 44.0000
15979.4465 55.0000
15979.6966 22.0000
15979.9466 66.0000
15980.1965 11.0000
15980.4465 33.0000
15980.6966 66.0000
15980.9465 55.0000
15981.1969 22.0000
15981.4466 33.0000
15981.6965 66.0000
15981.9478 11.0000
15982.1970 33.0000
15982.4465 66.0000
15982.6971 33.0000
15982.9471 66.0000
15983.1965 33.0000
15983.4465 55.0000
15983.6965 11.0000
15983.9465 55.0000
15984.1965 22.0000
15984.4466 66.0000
15984.6968 22.0000
15984.9466 55.0000
15985.1965 11.0000
15985.4465 33.0000
15985.6965 66.0000
15985.9465 22.0000
15986.1965 66.0000
15986.4466 11.0000
15986.6965 44.0000
15986.9465 55.0000
15987.1965 66.0000
15987.4465 22.0000
15987.6969 44.0000
15987.9466 11.0000
15988.1970 44.0000
15988.4466 11.0000
15988.6965 22.0000
15988.9465 11.0000
15989.1965 33.0000
15989.4465 22.0000
15989.6968 11.0000
15989.9465 55.0000
15990.1965 22.0000
15990.4465 11.0000
15990.6965 55.0000
15990.9466 44.0000
15991.1966 11.0000
15991.4467 55.0000
15991.6965 33.0000
15991.9466 11.0000
15992.1966 33.0000
15992.4464 22.0000
15992.6965 55.0000
15992.9466 22.0000
15993.1966 33.0000
15993.4465 22.0000
15993.6966 55.0000
15993.9467 22.0000
15994.1966 11.0000
15994.4468 22.0000
15994.6968 11.0000
15994.9467 44.0000
15995.1967 11.0000
15995.4465 55.0000
15995.6973 11.0000
15995.9467 33.0000
15996.1966 55.0000
15996.4466 22.0000
15996.6978 55.0000
15996.9469 11.0000
15997.1965 33.0000
15997.4465 66.0000
15997.6966 11.0000
15997.9471 44.0000
15998.1965 33.0000
15998.4465 55.0000
15998.6967 22.0000
15998.9471 44.0000
15999.1967 11.0000
15999.4471 33.0000
15999.6966 55.0000
15999.9465 66.0000
16000.1964 22.0000
16000.4465 66.0000
16000.6966 11.0000
16000.9465 44.0000
16001.1965 11.0000
16001.4470 22.0000
16001.6965 66.0000
16001.9465 22.0000
16002.1970 55.0000
16002.4465 44.0000
16002.6976 66.0000
16002.9465 11.0000
16003.1965 22.0000
16003.4465 55.0000
16003.6965 44.0000
16003.9470 22.0000
16004.1966 66.0000
16004.4465 22.0000
16004.6965 44.0000
16004.9471 33.0000
16005.1965 66.0000
16005.4465 22.0000
16005.6965 44.0000
16005.9466 33.0000
16006.1964 55.0000
16006.4469 22.0000
16006.6965 33.0000
16006.9475 44.0000
16007.1965 66.0000
16007.4466 33.0000
16007.6964 11.0000
16007.9465 66.0000
16008.1971 33.0000
16008.4470 11.0000
16008.6965 66.0000
16008.9470 33.0000
16009.1965 44.0000
16009.4465 22.0000
16009.6965 44.0000
16009.9464 66.0000
16010.1964 55.0000
16010.4465 66.0000
16010.6965 22.0000
16010.9464 11.0000
16011.1964 22.0000
16011.4464 44.0000
16011.6964 11.0000
16011.9465 55.0000
16012.1964 44.0000
16012.4466 11.0000
16012.6965 22.0000
16012.9465 44.0000
16013.1970 66.0000
16013.4464 55.0000
16013.6979 33.0000
16013.9465 22.0000
16014.1974 44.0000
16014.4464 55.0000
16014.6965 66.0000
16014.9464 33.0000
16015.1968 22.0000
16015.4478 44.0000
16015.6964 11.0000
16015.9468 33.0000
16016.1964 44.0000
16016.4476 22.0000
16016.6964 66.0000
16016.9479 44.0000
16017.1964 55.0000
16017.4465 22.0000
16017.6967 44.0000
16017.9469 33.0000
16018.1965 55.0000
16018.4464 33.0000
16018.6964 22.0000
16018.9464 55.0000
16019.1965 11.0000
16019.4466 44.0000
16019.6978 33.0000
16019.9464 22.0000
16020.1964 33.0000
16020.4466 22.0000
16020.6965 66.0000
16020.9466 11.0000
16021.1964 22.0000
16021.4465 66.0000
16021.6965 44.0000
16021.9465 11.0000
16022.1965 55.0000
16022.4465 22.0000
16022.6966 66.0000
16022.9471 33.0000
16023.1964 22.0000
16023.4464 11.0000
16023.6965 66.0000
16023.9464 44.0000
16024.1964 11.0000
16024.4469 66.0000
16024.6964 44.0000
16024.9465 11.0000
16025.1964 66.0000
16025.4464 33.0000
16025.6964 44.0000
16025.9464 22.0000
16026.1969 55.0000
16026.4464 44.0000
16026.6964 11.0000
16026.9464 55.0000
16027.1967 66.0000
16027.4466 33.0000
16027.6964 44.0000
16027.9467 33.0000
16028.1964 22.0000
16028.4467 44.0000
16028.6964 55.0000
16028.9464 11.0000
16029.1966 55.0000
16029.4464 33.0000
16029.6964 44.0000
16029.9470 66.0000
16030.1964 33.0000
16030.4464 55.0000
16030.6970 22.0000
16030.9464 33.0000
16031.1964 55.0000
16031.4464 44.0000
16031.6964 66.0000
16031.9464 33.0000
16032.1964 66.0000
16032.4466 11.0000
16032.6964 55.0000
16032.9464 22.0000
16033.1964 55.0000
16033.4466 66.0000
16033.6964 33.0000
16033.9464 55.0000
16034.1963 11.0000
16034.4464 22.0000
16034.6971 66.0000
16034.9465 55.0000
16035.1964 44.0000
16035.4464 33.0000
16035.6970 66.0000
16035.9470 44.0000
16036.1964 66.0000
16036.4465 11.0000
16036.6964 44.0000
16036.9490 66.0000
16037.1963 11.0000
16037.4463 33.0000
16037.6964 22.0000
16037.9469 44.0000
16038.1964 33.0000
16038.4473 44.0000
16038.6967 55.0000
16038.9463 66.0000
16039.1963 44.0000
16039.4463 55.0000
16039.6964 66.0000
16039.9464 11.0000
16040.1971 66.0000
16040.4464 44.0000
16040.6964 22.0000
16040.9470 55.0000
16041.1963 11.0000
16041.4464 22.0000
16041.6966 11.0000
16041.9463 22.0000
16042.1966 55.0000
16042.4463 44.0000
16042.6964 66.0000
16042.9464 55.0000
16043.1963 66.0000
16043.4468 22.0000
16043.6963 66.0000
16043.9463 44.0000
16044.1963 66.0000
16044.4463 55.0000
16044.6964 66.0000
16044.9464 44.0000
16045.1963 33.0000
16045.4464 66.0000
16045.6964 33.0000
16045.9464 11.0000
16046.1964 66.0000
16046.4464 11.0000
16046.6969 44.0000
16046.9464 55.0000
16047.1963 66.0000
16047.4465 11.0000
16047.6968 44.0000
16047.9463 55.0000
16048.1963 22.0000
16048.4463 55.0000
16048.6976 44.0000
16048.9463 66.0000
16049.1963 44.0000
16049.4463 11.0000
16049.6963 44.0000
16049.9463 11.0000
16050.1963 22.0000
16050.4464 44.0000
16050.6963 55.0000
16050.9463 22.0000
16051.1971 33.0000
16051.4463 11.0000
16051.6963 55.0000
16051.9463 66.0000
16052.1963 44.0000
16052.4463 55.0000
16052.6963 33.0000
16052.9467 11.0000
16053.1963 55.0000
16053.4463 33.0000
16053.6963 11.0000
16053.9469 44.0000
16054.1968 66.0000
16054.4470 22.0000
16054.6967 33.0000
16054.9464 66.0000
16055.1963 11.0000
16055.4464 55.0000
16055.6963 33.0000
16055.9475 55.0000
16056.1963 44.0000
16056.4463 33.0000
16056.6963 22.0000
16056.9463 66.0000
16057.1963 33.0000
16057.4463 22.0000
16057.6963 33.0000
16057.9463 22.0000
16058.1963 33.0000
16058.4463 44.0000
16058.6963 66.0000
16058.9463 44.0000
16059.1963 22.0000
16059.4463 44.0000
16059.6966 66.0000
16059.9465 44.0000
16060.1964 33.0000
16060.4463 55.0000
16060.6963 66.0000
16060.9467 22.0000
16061.1966 44.0000
16061.4467 66.0000
16061.6964 11.0000
16061.9462 44.0000
16062.1966 33.0000
16062.4463 66.0000
16062.6964 11.0000
16062.9487 55.0000
16063.1965 11.0000
16063.4463 44.0000
16063.6964 33.0000
16063.9463 11.0000
16064.1963 22.0000
16064.4463 66.0000
16064.6963 44.0000
16064.9467 55.0000
16065.1966 44.0000
16065.4463 55.0000
16065.6963 33.0000
16065.9463 22.0000
16066.1966 44.0000
16066.4463 33.0000
16066.6963 55.0000
16066.9474 33.0000
16067.1968 44.0000
16067.4468 33.0000
16069.1814 888.0000
16071.9912 999.0000
