1042108.7837 777.0000
1042111.8131 11.0000
1042112.3132 66.0000
1042112.8125 44.0000
1042113.3126 22.0000
1042113.8125 11.0000
1042114.3125 66.0000
1042114.8126 44.0000
1042115.3128 22.0000
1042115.8126 55.0000
1042116.3125 11.0000
1042116.8126 33.0000
1042117.3125 55.0000
1042117.8125 11.0000
1042118.3126 33.0000
1042118.8126 44.0000
1042119.3128 33.0000
1042119.8126 11.0000
1042120.3129 44.0000
1042120.8130 33.0000
1042121.3126 11.0000
1042121.8125 55.0000
1042122.3125 11.0000
1042122.8128 55.0000
1042123.3126 11.0000
1042123.8126 44.0000
1042124.3126 66.0000
1042124.8128 44.0000
1042125.3126 22.0000
1042125.8125 55.0000
1042126.3125 66.0000
1042126.8126 44.0000
1042127.3128 11.0000
1042127.8125 44.0000
1042128.3127 22.0000
1042128.8125 44.0000
1042129.3128 66.0000
1042129.8127 22.0000
1042130.3130 11.0000
1042130.8125 66.0000
1042131.3126 11.0000
1042131.8125 55.0000
1042132.3125 66.0000
1042132.8125 44.0000
1042133.3125 11.0000
1042133.8126 22.0000
1042134.3125 66.0000
1042134.8252 55.0000
1042135.3125 11.0000
1042135.8127 66.0000
1042136.3125 11.0000
1042136.8128 66.0000
1042137.3125 11.0000
1042137.8125 55.0000
1042138.3125 11.0000
1042138.8125 33.0000
1042139.3125 55.0000
1042139.8127 33.0000
1042140.3125 66.0000
1042140.8125 44.0000
1042141.3125 33.0000
1042141.8124 55.0000
1042142.3125 33.0000
1042142.8125 44.0000
1042143.3125 66.0000
1042143.8125 33.0000
1042144.3125 55.0000
1042144.8127 22.0000
1042145.3126 11.0000
1042145.8125 22.0000
1042146.3125 11.0000
1042146.8126 33.0000
1042147.3125 55.0000
1042147.8125 66.0000
1042148.3126 44.0000
1042148.8125 22.0000
1042149.3125 33.0000
1042149.8125 66.0000
1042150.3125 33.0000
1042150.8125 22.0000
1042151.3126 11.0000
1042151.8125 33.0000
1042152.3125 44.0000
1042152.8125 22.0000
1042153.3125 66.0000
1042153.8130 22.0000
1042154.3125 11.0000
1042154.8125 22.0000
1042155.3125 33.0000
1042155.8125 66.0000
1042156.3125 55.0000
1042156.8125 33.0000
1042157.3124 22.0000
1042157.8125 33.0000
1042158.3125 44.0000
1042158.8125 22.0000
1042159.3125 55.0000
1042159.8125 11.0000
1042160.3125 44.0000
1042160.8125 33.0000
1042161.3125 11.0000
1042161.8125 44.0000
1042162.3125 33.0000
1042162.8125 22.0000
1042163.3125 44.0000
1042163.8125 66.0000
1042164.3127 11.0000
1042164.8125 44.0000
1042165.3129 22.0000
1042165.8125 55.0000
1042166.3126 11.0000
1042166.8125 22.0000
1042167.3128 66.0000
1042167.8125 44.0000
1042168.3125 22.0000
1042168.8125 33.0000
1042169.3124 44.0000
1042169.8125 11.0000
1042170.3125 66.0000
1042170.8126 55.0000
1042171.3125 33.0000
1042171.8125 11.0000
1042172.3125 22.0000
1042172.8125 66.0000
1042173.3125 44.0000
1042173.8125 22.0000
1042174.3124 33.0000
1042174.8125 22.0000
1042175.3125 55.0000
1042175.8130 22.0000
1042176.3125 66.0000
1042176.8125 44.0000
1042177.3125 22.0000
1042177.8125 33.0000
1042178.3125 11.0000
1042178.8125 55.0000
1042179.3125 22.0000
1042179.8126 33.0000
1042180.3125 22.0000
1042180.8124 11.0000
1042181.3135 66.0000
1042181.8124 44.0000
1042182.3127 11.0000
1042182.8124 22.0000
1042183.3126 55.0000
1042183.8129 44.0000
1042184.3125 33.0000
1042184.8127 55.0000
1042185.3124 11.0000
1042185.8124 55.0000
1042186.3130 22.0000
1042186.8130 44.0000
1042187.3127 55.0000
1042187.8130 66.0000
1042188.3126 33.0000
1042188.8128 66.0000
1042189.3125 33.0000
1042189.8125 44.0000
1042190.3124 11.0000
1042190.8124 44.0000
1042191.3126 11.0000
1042191.8124 22.0000
1042192.3124 33.0000
1042192.8124 66.0000
1042193.3125 22.0000
1042193.8124 66.0000
1042194.3126 33.0000
1042194.8124 11.0000
1042195.3124 44.0000
1042195.8124 55.0000
1042196.3124 22.0000
1042196.8131 33.0000
1042197.3125 22.0000
1042197.8129 55.0000
1042198.3128 66.0000
1042198.8124 33.0000
1042199.3126 44.0000
1042199.8127 55.0000
1042200.3126 66.0000
1042200.8124 33.0000
1042201.3125 44.0000
1042201.8124 55.0000
1042202.3124 33.0000
1042202.8124 55.0000
1042203.3129 33.0000
1042203.8124 11.0000
1042204.3125 55.0000
1042204.8124 44.0000
1042205.3124 11.0000
1042205.8124 33.0000
1042206.3124 55.0000
1042206.8124 22.0000
1042207.3124 55.0000
1042207.8124 44.0000
1042208.3124 33.0000
1042208.8125 55.0000
1042209.3124 66.0000
1042209.8125 22.0000
1042210.3124 44.0000
1042210.8124 11.0000
1042211.3128 66.0000
1042211.8125 44.0000
1042212.3124 55.0000
1042212.8124 22.0000
1042213.3128 11.0000
1042213.8128 55.0000
1042214.3126 66.0000
1042214.8124 11.0000
1042215.3128 55.0000
1042215.8125 66.0000
1042216.3124 44.0000
1042216.8125 22.0000
1042217.3124 55.0000
1042217.8129 66.0000
1042218.3126 44.0000
1042218.8124 22.0000
1042219.3129 66.0000
1042219.8124 55.0000
1042220.3124 11.0000
1042220.8124 22.0000
1042221.3128 55.0000
1042221.8124 44.0000
1042222.3128 33.0000
1042222.8131 22.0000
1042223.3124 33.0000
1042223.8124 55.0000
1042224.3124 22.0000
1042224.8125 66.0000
1042225.3126 11.0000
1042225.8124 66.0000
1042226.3124 55.0000
1042226.8131 33.0000
1042227.3124 55.0000
1042227.8125 33.0000
1042228.3127 11.0000
1042228.8125 44.0000
1042229.3126 33.0000
1042229.8124 55.0000
1042230.3124 33.0000
1042230.8124 22.0000
1042231.3126 33.0000
1042231.8128 44.0000
1042232.3125 22.0000
1042232.8127 11.0000
1042233.3124 22.0000
1042233.8124 11.0000
1042234.3124 55.0000
1042234.8124 66.0000
1042235.3124 55.0000
1042235.8125 66.0000
1042236.3126 33.0000
1042236.8124 66.0000
1042237.3126 33.0000
1042237.8124 11.0000
1042238.3124 55.0000
1042238.8130 66.0000
1042239.3124 11.0000
1042239.8124 55.0000
1042240.3123 66.0000
1042240.8124 33.0000
1042241.3124 55.0000
1042241.8124 22.0000
1042242.3124 55.0000
1042242.8124 44.0000
1042243.3124 55.0000
1042243.8123 66.0000
1042244.3124 22.0000
1042244.8124 55.0000
1042245.3123 44.0000
1042245.8124 11.0000
1042246.3123 22.0000
1042246.8123 66.0000
1042247.3124 44.0000
1042247.8123 22.0000
1042248.3128 11.0000
1042248.8124 66.0000
1042249.3123 44.0000
1042249.8124 66.0000
1042250.3124 44.0000
1042250.8125 66.0000
1042251.3124 22.0000
1042251.8124 33.0000
1042252.3123 66.0000
1042252.8123 33.0000
1042253.3123 66.0000
1042253.8124 44.0000
1042254.3124 33.0000
1042254.8124 55.0000
1042255.3124 66.0000
1042255.8126 33.0000
1042256.3124 11.0000
1042256.8123 22.0000
1042257.3124 11.0000
1042257.8124 44.0000
1042258.3124 66.0000
1042258.8123 33.0000
1042259.3124 44.0000
1042259.8124 22.0000
1042260.3124 44.0000
1042260.8124 11.0000
1042261.3124 44.0000
1042263.2968 888.0000
1042265.5572 999.0000
