193313.0525 777.0000
193316.1786 55.0000
193316.4289 66.0000
193316.6786 22.0000
193316.9285 11.0000
193317.1786 22.0000
193317.4287 44.0000
193317.6785 22.0000
193317.9285 11.0000
193318.1785 22.0000
193318.4285 55.0000
193318.6787 66.0000
193318.9285 44.0000
193319.1785 33.0000
193319.4285 55.0000
193319.6790 66.0000
193319.9292 55.0000
193320.1785 11.0000
193320.4285 55.0000
193320.6785 33.0000
193320.9285 11.0000
193321.1785 55.0000
193321.4292 22.0000
193321.6785 55.0000
193321.9285 33.0000
193322.1786 55.0000
193322.4290 33.0000
193322.6787 22.0000
193322.9285 33.0000
193323.1785 11.0000
193323.4292 33.0000
193323.6785 44.0000
193323.9285 22.0000
193324.1785 66.0000
193324.4285 22.0000
193324.6785 66.0000
193324.9285 22.0000
193325.1785 11.0000
193325.4285 66.0000
193325.6785 55.0000
193325.9285 66.0000
193326.1785 11.0000
193326.4289 66.0000
193326.6785 33.0000
193326.9284 66.0000
193327.1785 44.0000
193327.4290 66.0000
193327.6792 55.0000
193327.9289 66.0000
193328.1791 55.0000
193328.4284 66.0000
193328.6785 22.0000
193328.9284 66.0000
193329.1789 44.0000
193329.4284 55.0000
193329.6785 11.0000
193329.9284 55.0000
193330.1785 44.0000
193330.4285 55.0000
193330.6788 11.0000
193330.9284 55.0000
193331.1785 22.0000
193331.4285 55.0000
193331.6786 66.0000
193331.9284 22.0000
193332.1785 55.0000
193332.4284 33.0000
193332.6785 66.0000
193332.9284 22.0000
193333.1785 66.0000
193333.4284 33.0000
193333.6784 55.0000
193333.9284 33.0000
193334.1785 11.0000
193334.4284 33.0000
193334.6785 44.0000
193334.9284 33.0000
193335.1785 55.0000
193335.4284 33.0000
193335.6785 11.0000
193335.9285 33.0000
193336.1785 66.0000
193336.4284 33.0000
193336.6784 11.0000
193336.9284 22.0000
193337.1785 44.0000
193337.4284 22.0000
193337.6785 66.0000
193337.9286 55.0000
193338.1785 44.0000
193338.4284 66.0000
193338.6785 22.0000
193338.9284 33.0000
193339.1784 22.0000
193339.4284 33.0000
193339.6785 22.0000
193339.9284 11.0000
193340.1785 22.0000
193340.4284 33.0000
193340.6785 22.0000
193340.9284 55.0000
193341.1785 22.0000
193341.4287 33.0000
193341.6785 11.0000
193341.9291 22.0000
193342.1784 44.0000
193342.4284 22.0000
193342.6784 33.0000
193342.9294 22.0000
193343.1784 66.0000
193343.4294 22.0000
193343.6784 44.0000
193343.9284 66.0000
193344.1785 44.0000
193344.4286 55.0000
193344.6790 33.0000
193344.9284 55.0000
193345.1784 44.0000
193345.4284 55.0000
193345.6784 11.0000
193345.9284 44.0000
193346.1788 33.0000
193346.4284 11.0000
193346.6784 33.0000
193346.9284 22.0000
193347.1784 55.0000
193347.4284 66.0000
193347.6794 22.0000
193347.9284 11.0000
193348.1784 55.0000
193348.4285 22.0000
193348.6784 44.0000
193348.9291 22.0000
193349.1794 66.0000
193349.4284 33.0000
193349.6786 66.0000
193349.9284 44.0000
193350.1786 33.0000
193350.4284 22.0000
193350.6784 11.0000
193350.9285 44.0000
193351.1784 11.0000
193351.4284 66.0000
193351.6784 11.0000
193351.9284 33.0000
193352.1783 55.0000
193352.4284 22.0000
193352.6784 66.0000
193352.9284 55.0000
193353.1784 11.0000
193353.4284 66.0000
193353.6784 22.0000
193353.9283 11.0000
193354.1784 44.0000
193354.4283 11.0000
193354.6783 66.0000
193354.9284 55.0000
193355.1784 44.0000
193355.4283 55.0000
193355.6784 33.0000
193355.9283 55.0000
193356.1784 66.0000
193356.4284 44.0000
193356.6784 66.0000
193356.9286 33.0000
193357.1784 66.0000
193357.4283 33.0000
193357.6783 55.0000
193357.9283 22.0000
193358.1783 55.0000
193358.4283 44.0000
193358.6786 66.0000
193358.9284 11.0000
193359.1784 22.0000
193359.4283 33.0000
193359.6784 44.0000
193359.9285 55.0000
193360.1788 66.0000
193360.4283 11.0000
193360.6784 66.0000
193360.9287 44.0000
193361.1783 66.0000
193361.4283 44.0000
193361.6783 22.0000
193361.9284 33.0000
193362.1783 22.0000
193362.4283 66.0000
193362.6783 11.0000
193362.9283 44.0000
193363.1783 11.0000
193363.4283 22.0000
193363.6784 11.0000
193363.9283 44.0000
193364.1783 11.0000
193364.4283 44.0000
193364.6783 11.0000
193364.9283 22.0000
193365.1783 55.0000
193365.4283 44.0000
193365.6783 22.0000
193365.9283 66.0000
193366.1783 22.0000
193366.4282 11.0000
193366.6783 44.0000
193366.9284 11.0000
193367.1783 33.0000
193367.4283 11.0000
193367.6783 22.0000
193367.9284 44.0000
193368.1783 33.0000
193368.4285 11.0000
193368.6783 44.0000
193368.9285 33.0000
193369.1783 44.0000
193369.4283 66.0000
193369.6796 44.0000
193369.9286 55.0000
193370.1783 44.0000
193370.4286 66.0000
193370.6786 44.0000
193370.9284 11.0000
193371.1782 44.0000
193371.4283 11.0000
193371.6787 44.0000
193371.9284 33.0000
193372.1783 44.0000
193372.4283 66.0000
193372.6786 44.0000
193372.9284 11.0000
193373.1783 44.0000
193373.4283 66.0000
193373.6783 44.0000
193373.9283 22.0000
193374.1783 55.0000
193374.4284 33.0000
193374.6785 22.0000
193374.9284 66.0000
193375.1783 55.0000
193375.4283 44.0000
193375.6790 66.0000
193375.9285 44.0000
193376.1783 66.0000
193376.4283 22.0000
193376.6783 33.0000
193376.9283 55.0000
193377.1783 44.0000
193377.4283 55.0000
193377.6783 22.0000
193377.9284 55.0000
193378.1783 44.0000
193378.4283 33.0000
193378.6783 55.0000
193378.9292 33.0000
193379.1783 66.0000
193379.4283 55.0000
193379.6783 11.0000
193379.9283 33.0000
193380.1783 11.0000
193380.4285 66.0000
193380.6787 33.0000
193380.9282 55.0000
193381.1783 11.0000
193381.4284 55.0000
193381.6783 66.0000
193381.9282 55.0000
193382.1783 11.0000
193382.4282 44.0000
193382.6783 22.0000
193382.9283 44.0000
193383.1783 55.0000
193383.4283 66.0000
193383.6783 22.0000
193383.9284 44.0000
193384.1782 33.0000
193384.4283 22.0000
193384.6782 66.0000
193384.9283 22.0000
193385.1782 33.0000
193385.4283 44.0000
193385.6782 33.0000
193385.9282 66.0000
193386.1783 22.0000
193386.4282 55.0000
193386.6781 33.0000
193386.9282 66.0000
193387.1782 11.0000
193387.4283 33.0000
193387.6782 66.0000
193387.9285 11.0000
193388.1785 66.0000
193388.4282 22.0000
193388.6783 66.0000
193388.9285 11.0000
193389.1783 66.0000
193389.4282 33.0000
193389.6782 11.0000
193389.9282 22.0000
193390.1782 11.0000
193390.4283 44.0000
193390.6782 33.0000
193390.9282 66.0000
193391.1790 33.0000
193391.4283 44.0000
193391.6783 33.0000
193391.9287 11.0000
193392.1782 44.0000
193392.4292 66.0000
193392.6782 55.0000
193392.9283 22.0000
193393.1783 11.0000
193393.4287 22.0000
193393.6782 55.0000
193393.9282 33.0000
193394.1782 66.0000
193394.4282 33.0000
193394.6783 22.0000
193394.9282 33.0000
193395.1782 66.0000
193395.4282 11.0000
193395.6782 66.0000
193395.9282 11.0000
193396.1782 22.0000
193396.4284 55.0000
193396.6789 11.0000
193396.9282 66.0000
193397.1782 11.0000
193397.4282 66.0000
193397.6782 33.0000
193397.9282 55.0000
193398.1782 44.0000
193398.4282 55.0000
193398.6782 22.0000
193398.9282 11.0000
193399.1782 66.0000
193399.4282 55.0000
193399.6783 44.0000
193399.9282 33.0000
193400.1782 55.0000
193400.4282 44.0000
193400.6783 55.0000
193400.9282 33.0000
193401.1782 55.0000
193401.4281 22.0000
193401.6783 33.0000
193401.9286 66.0000
193402.1782 33.0000
193402.4282 55.0000
193402.6782 22.0000
193402.9282 55.0000
193403.1782 11.0000
193403.4282 22.0000
193403.6782 55.0000
193403.9291 22.0000
193404.1782 55.0000
193404.4282 22.0000
193404.6782 55.0000
193404.9282 11.0000
193405.1782 55.0000
193405.4282 33.0000
193405.6782 55.0000
193405.9282 44.0000
193406.1782 11.0000
193406.4284 44.0000
193406.6782 33.0000
193406.9281 44.0000
193407.1782 66.0000
193407.4285 22.0000
193407.6782 66.0000
193407.9284 22.0000
193408.1782 44.0000
193408.4280 55.0000
193408.6786 66.0000
193408.9282 55.0000
193409.1782 33.0000
193409.4282 11.0000
193409.6783 22.0000
193409.9282 66.0000
193410.1783 11.0000
193410.4281 22.0000
193410.6783 44.0000
193410.9281 66.0000
193411.1782 44.0000
193411.4281 66.0000
193411.6782 11.0000
193411.9288 66.0000
193412.1782 55.0000
193412.4281 66.0000
193412.6784 55.0000
193412.9281 66.0000
193413.1781 44.0000
193413.4281 66.0000
193413.6782 22.0000
193413.9283 55.0000
193414.1781 22.0000
193414.4281 44.0000
193414.6782 22.0000
193414.9281 55.0000
193415.1781 22.0000
193415.4286 11.0000
193415.6782 22.0000
193415.9283 33.0000
193416.1781 22.0000
193416.4281 11.0000
193416.6780 22.0000
193416.9286 66.0000
193417.1781 55.0000
193417.4281 33.0000
193417.6782 11.0000
193417.9282 55.0000
193418.1781 44.0000
193418.4281 55.0000
193418.6783 66.0000
193418.9283 33.0000
193419.1781 11.0000
193419.4282 66.0000
193419.6782 11.0000
193419.9281 66.0000
193420.1786 33.0000
193420.4281 11.0000
193420.6793 22.0000
193420.9281 66.0000
193421.1781 11.0000
193421.4281 55.0000
193421.6782 22.0000
193421.9291 44.0000
193422.1782 55.0000
193422.4288 44.0000
193422.6783 22.0000
193422.9291 55.0000
193423.1782 66.0000
193423.4284 44.0000
193423.6781 66.0000
193423.9288 22.0000
193424.1781 44.0000
193424.4281 11.0000
193424.6782 44.0000
193424.9283 22.0000
193425.1781 44.0000
193425.4281 33.0000
193425.6781 11.0000
193425.9281 22.0000
193426.1781 33.0000
193426.4283 22.0000
193426.6789 66.0000
193426.9281 55.0000
193427.1781 33.0000
193427.4281 22.0000
193427.6786 66.0000
193427.9288 22.0000
193428.1781 66.0000
193428.4281 22.0000
193428.6788 55.0000
193428.9284 11.0000
193429.1781 66.0000
193429.4289 55.0000
193429.6781 33.0000
193429.9281 22.0000
193430.1781 44.0000
193430.4281 55.0000
193430.6781 11.0000
193430.9281 22.0000
193431.1781 11.0000
193431.4281 66.0000
193431.6781 22.0000
193431.9281 44.0000
193432.1781 11.0000
193432.4281 55.0000
193432.6789 11.0000
193432.9285 55.0000
193433.1781 44.0000
193433.4281 66.0000
193433.6781 22.0000
193433.9285 44.0000
193434.1791 11.0000
193434.4281 66.0000
193434.6781 33.0000
193434.9280 44.0000
193435.1783 22.0000
193435.4280 55.0000
193435.6786 11.0000
193435.9283 66.0000
193436.1781 11.0000
193436.4281 22.0000
193436.6781 44.0000
193436.9281 11.0000
193437.1781 66.0000
193437.4281 55.0000
193437.6783 11.0000
193437.9281 66.0000
193438.1783 33.0000
193438.4283 11.0000
193438.6781 33.0000
193438.9281 44.0000
193439.1781 22.0000
193439.4283 44.0000
193439.6781 55.0000
193439.9281 11.0000
193440.1781 33.0000
193440.4281 66.0000
193440.6782 33.0000
193440.9281 44.0000
193441.1781 11.0000
193441.4291 33.0000
193441.6780 22.0000
193441.9283 33.0000
193442.1780 66.0000
193442.4286 55.0000
193442.6785 11.0000
193442.9283 44.0000
193443.1788 66.0000
193443.4281 33.0000
193443.6779 55.0000
193443.9281 66.0000
193444.1780 44.0000
193444.4281 55.0000
193444.6781 66.0000
193444.9281 11.0000
193445.1780 66.0000
193445.4280 33.0000
193445.6780 55.0000
193445.9281 66.0000
193446.1780 11.0000
193446.4281 22.0000
193446.6780 44.0000
193446.9281 55.0000
193447.1781 22.0000
193447.4281 66.0000
193447.6780 33.0000
193447.9280 44.0000
193448.1780 55.0000
193448.4284 11.0000
193448.6781 44.0000
193448.9280 66.0000
193449.1784 22.0000
193449.4283 66.0000
193449.6780 44.0000
193449.9280 33.0000
193450.1780 11.0000
193450.4285 55.0000
193450.6780 33.0000
193450.9280 44.0000
193451.1780 55.0000
193451.4280 44.0000
193451.6781 22.0000
193451.9283 55.0000
193452.1784 44.0000
193452.4280 11.0000
193452.6780 44.0000
193452.9280 66.0000
193453.1780 44.0000
193453.4278 11.0000
193453.6780 33.0000
193453.9280 44.0000
193454.1779 55.0000
193454.4280 11.0000
193454.6787 55.0000
193454.9280 11.0000
193455.1780 33.0000
193455.4278 44.0000
193455.6780 22.0000
193455.9280 44.0000
193456.1779 11.0000
193456.4278 22.0000
193456.6785 66.0000
193456.9280 22.0000
193457.1782 11.0000
193457.4278 55.0000
193457.6780 44.0000
193457.9280 22.0000
193458.1780 66.0000
193458.4279 55.0000
193458.6780 66.0000
193458.9280 11.0000
193459.1783 44.0000
193459.4279 11.0000
193459.6780 66.0000
193459.9279 44.0000
193460.1780 33.0000
193460.4279 11.0000
193460.6780 66.0000
193460.9280 33.0000
193461.1780 44.0000
193461.4279 55.0000
193461.6780 44.0000
193461.9279 11.0000
193462.1780 44.0000
193462.4280 55.0000
193462.6780 44.0000
193462.9280 33.0000
193463.1780 66.0000
193463.4279 55.0000
193463.6779 33.0000
193463.9279 11.0000
193464.1779 44.0000
193464.4279 55.0000
193464.6780 33.0000
193464.9280 11.0000
193465.1779 44.0000
193465.4279 11.0000
193465.6780 44.0000
193465.9280 33.0000
193466.1779 22.0000
193466.4281 66.0000
193466.6780 33.0000
193466.9279 66.0000
193467.1784 11.0000
193467.4279 55.0000
193467.6779 44.0000
193467.9280 55.0000
193468.1779 33.0000
193468.4279 44.0000
193468.6781 66.0000
193468.9280 22.0000
193469.1780 55.0000
193469.4285 33.0000
193469.6780 66.0000
193469.9279 11.0000
193470.1780 33.0000
193470.4279 11.0000
193470.6779 44.0000
193470.9279 11.0000
193471.1779 55.0000
193471.4279 22.0000
193471.6780 66.0000
193471.9279 33.0000
193472.1786 55.0000
193472.4279 66.0000
193472.6779 22.0000
193472.9279 66.0000
193473.1780 11.0000
193473.4279 33.0000
193473.6780 66.0000
193473.9280 22.0000
193474.1780 55.0000
193474.4279 66.0000
193474.6780 33.0000
193474.9279 44.0000
193475.1780 11.0000
193475.4280 22.0000
193475.6780 55.0000
193475.9279 66.0000
193476.1789 33.0000
193476.4279 22.0000
193476.6780 11.0000
193476.9281 33.0000
193477.1783 55.0000
193477.4279 44.0000
193477.6780 33.0000
193477.9279 55.0000
193478.1780 22.0000
193478.4279 66.0000
193478.6780 33.0000
193478.9286 11.0000
193479.1779 66.0000
193479.4286 22.0000
193479.6780 44.0000
193479.9279 66.0000
193480.1780 22.0000
193480.4286 55.0000
193480.6780 33.0000
193480.9280 55.0000
193481.1780 33.0000
193481.4279 55.0000
193481.6780 44.0000
193481.9281 22.0000
193482.1780 55.0000
193482.4279 44.0000
193482.6778 66.0000
193482.9279 11.0000
193483.1781 66.0000
193483.4279 33.0000
193483.6779 44.0000
193483.9279 55.0000
193484.1779 44.0000
193484.4278 55.0000
193484.6779 44.0000
193484.9279 11.0000
193485.1779 33.0000
193485.4279 11.0000
193485.6779 44.0000
193485.9279 33.0000
193486.1779 66.0000
193486.4279 11.0000
193486.6779 22.0000
193486.9278 33.0000
193487.1779 66.0000
193487.4279 22.0000
193487.6779 11.0000
193487.9279 33.0000
193488.1779 44.0000
193488.4278 66.0000
193488.6779 44.0000
193488.9278 33.0000
193489.1789 44.0000
193489.4279 55.0000
193489.6779 11.0000
193489.9279 55.0000
193490.1779 44.0000
193490.4286 66.0000
193490.6779 44.0000
193490.9284 55.0000
193491.1779 44.0000
193491.4281 33.0000
193491.6781 11.0000
193491.9280 22.0000
193492.1779 33.0000
193492.4279 66.0000
193492.6817 55.0000
193492.9279 66.0000
193493.1779 33.0000
193493.4281 55.0000
193493.6779 22.0000
193493.9279 66.0000
193494.1779 11.0000
193494.4279 33.0000
193494.6779 11.0000
193494.9280 55.0000
193495.1780 66.0000
193495.4278 33.0000
193495.6779 22.0000
193495.9278 44.0000
193496.1779 33.0000
193496.4279 66.0000
193496.6778 55.0000
193496.9279 44.0000
193497.1779 22.0000
193497.4278 55.0000
193497.6780 11.0000
193497.9278 22.0000
193498.1778 66.0000
193498.4278 22.0000
193498.6778 55.0000
193498.9278 22.0000
193499.1778 55.0000
193499.4279 33.0000
193499.6777 22.0000
193499.9278 55.0000
193500.1779 33.0000
193500.4278 22.0000
193500.6779 66.0000
193500.9278 22.0000
193501.1778 55.0000
193501.4286 22.0000
193501.6779 33.0000
193501.9278 44.0000
193502.1778 55.0000
193502.4278 22.0000
193502.6783 44.0000
193502.9278 66.0000
193503.1778 33.0000
193503.4278 22.0000
193503.6778 44.0000
193503.9278 33.0000
193504.1778 22.0000
193504.4276 55.0000
193504.6781 11.0000
193504.9278 44.0000
193505.1778 11.0000
193505.4276 55.0000
193505.6778 22.0000
193505.9278 44.0000
193506.1815 11.0000
193506.4278 44.0000
193506.6779 55.0000
193506.9279 11.0000
193507.1827 66.0000
193507.4278 22.0000
193507.6781 44.0000
193507.9278 55.0000
193508.1790 66.0000
193508.4278 33.0000
193508.6778 66.0000
193508.9279 44.0000
193509.1778 11.0000
193509.4277 55.0000
193509.6784 33.0000
193509.9285 66.0000
193510.1777 11.0000
193510.4288 44.0000
193510.6778 11.0000
193510.9277 44.0000
193511.1779 55.0000
193511.4278 11.0000
193511.6778 22.0000
193511.9282 66.0000
193512.1819 11.0000
193512.4277 33.0000
193512.6778 44.0000
193512.9278 11.0000
193513.1779 55.0000
193513.4280 11.0000
193513.6778 33.0000
193513.9280 44.0000
193514.1778 66.0000
193514.4276 44.0000
193514.6779 11.0000
193514.9278 44.0000
193515.1783 66.0000
193515.4278 22.0000
193515.6778 11.0000
193515.9283 22.0000
193516.1783 55.0000
193516.4281 66.0000
193516.6778 44.0000
193516.9279 66.0000
193517.1778 55.0000
193517.4276 22.0000
193517.6778 55.0000
193517.9278 33.0000
193518.1778 66.0000
193518.4278 11.0000
193518.6783 55.0000
193518.9278 11.0000
193519.1778 44.0000
193519.4278 11.0000
193519.6777 22.0000
193519.9277 44.0000
193520.1777 33.0000
193520.4278 55.0000
193520.6778 11.0000
193520.9277 33.0000
193521.1778 22.0000
193521.4278 33.0000
193521.6780 55.0000
193521.9278 44.0000
193522.1778 11.0000
193522.4277 44.0000
193522.6778 55.0000
193522.9277 22.0000
193523.1778 55.0000
193523.4280 11.0000
193523.6783 55.0000
193523.9278 66.0000
193524.1778 11.0000
193524.4277 22.0000
193524.6778 33.0000
193524.9284 22.0000
193525.1778 11.0000
193525.4277 66.0000
193525.6777 44.0000
193525.9277 55.0000
193526.1778 66.0000
193526.4280 11.0000
193526.6778 66.0000
193526.9277 55.0000
193527.1777 22.0000
193527.4277 44.0000
193527.6778 55.0000
193527.9277 44.0000
193528.1777 11.0000
193528.4279 22.0000
193528.6777 11.0000
193528.9280 33.0000
193529.1777 22.0000
193529.4276 33.0000
193529.6777 66.0000
193529.9277 55.0000
193530.1777 22.0000
193530.4276 33.0000
193530.6777 22.0000
193530.9277 11.0000
193531.1777 33.0000
193531.4277 11.0000
193531.6777 33.0000
193531.9278 22.0000
193532.1777 66.0000
193532.4276 55.0000
193532.6777 11.0000
193532.9277 22.0000
193533.1784 44.0000
193533.4280 11.0000
193533.6777 66.0000
193533.9281 33.0000
193534.1777 66.0000
193534.4277 11.0000
193534.6778 66.0000
193534.9277 11.0000
193535.1777 66.0000
193535.4279 11.0000
193535.6777 66.0000
193535.9278 55.0000
193536.1777 33.0000
193536.4280 11.0000
193536.6777 66.0000
193536.9277 33.0000
193537.1777 11.0000
193537.4277 22.0000
193537.6777 66.0000
193537.9277 55.0000
193538.1777 11.0000
193538.4277 33.0000
193538.6777 44.0000
193538.9275 66.0000
193539.1777 11.0000
193539.4277 66.0000
193539.6777 55.0000
193539.9277 22.0000
193540.1777 11.0000
193540.4277 55.0000
193540.6777 33.0000
193540.9277 66.0000
193541.1777 22.0000
193541.4277 55.0000
193541.6777 44.0000
193541.9276 22.0000
193542.1778 44.0000
193542.4276 55.0000
193542.6776 11.0000
193542.9277 22.0000
193543.1777 11.0000
193543.4276 44.0000
193543.6777 66.0000
193543.9279 22.0000
193544.1777 11.0000
193544.4277 33.0000
193544.6777 55.0000
193544.9277 11.0000
193545.1777 33.0000
193545.4276 11.0000
193545.6777 22.0000
193545.9277 44.0000
193546.1777 11.0000
193546.4277 55.0000
193546.6778 44.0000
193546.9277 55.0000
193547.1777 44.0000
193547.4282 11.0000
193547.6777 33.0000
193547.9277 66.0000
193548.1777 44.0000
193548.4277 66.0000
193548.6779 11.0000
193548.9279 22.0000
193549.1777 44.0000
193549.4276 11.0000
193549.6777 22.0000
193549.9278 55.0000
193550.1783 33.0000
193550.4276 55.0000
193550.6777 66.0000
193550.9276 22.0000
193551.1777 44.0000
193551.4277 55.0000
193551.6783 44.0000
193551.9276 33.0000
193552.1777 55.0000
193552.4277 33.0000
193552.6777 22.0000
193552.9277 33.0000
193553.1779 55.0000
193553.4300 33.0000
193553.6777 22.0000
193553.9276 11.0000
193554.1778 66.0000
193554.4276 11.0000
193554.6777 44.0000
193554.9276 11.0000
193555.1776 66.0000
193555.4276 11.0000
193555.6776 66.0000
193555.9276 11.0000
193556.1777 22.0000
193556.4275 33.0000
193556.6777 44.0000
193556.9277 55.0000
193557.1778 44.0000
193557.4278 33.0000
193557.6776 11.0000
193557.9276 33.0000
193558.1776 66.0000
193558.4275 44.0000
193558.6776 22.0000
193558.9276 55.0000
193559.1776 11.0000
193559.4276 33.0000
193559.6776 66.0000
193559.9276 44.0000
193560.1776 55.0000
193560.4275 33.0000
193560.6781 44.0000
193560.9284 22.0000
193561.1776 66.0000
193561.4274 44.0000
193561.6776 55.0000
193561.9276 33.0000
193562.1777 11.0000
193562.4274 44.0000
193562.6776 11.0000
193562.9276 66.0000
193563.1776 44.0000
193563.4276 55.0000
193563.6776 66.0000
193563.9276 11.0000
193564.1776 22.0000
193564.4276 33.0000
193564.6776 44.0000
193564.9276 66.0000
193565.1776 44.0000
193565.4276 11.0000
193565.6776 44.0000
193565.9276 55.0000
193566.1776 11.0000
193566.4277 55.0000
193566.6776 11.0000
193566.9276 55.0000
193567.1778 66.0000
193567.4278 44.0000
193567.6776 66.0000
193567.9278 11.0000
193568.1776 22.0000
193568.4277 11.0000
193568.6776 22.0000
193568.9276 44.0000
193569.1776 22.0000
193569.4276 44.0000
193569.6776 33.0000
193569.9278 22.0000
193570.1775 11.0000
193570.4278 44.0000
193570.6776 55.0000
193570.9276 66.0000
193571.1776 33.0000
193571.4285 22.0000
193571.6776 55.0000
193571.9276 11.0000
193572.1779 22.0000
193572.4280 44.0000
193572.6776 11.0000
193572.9276 55.0000
193573.1776 44.0000
193573.4283 55.0000
193573.6776 66.0000
193573.9276 33.0000
193574.1776 66.0000
193574.4280 22.0000
193574.6776 44.0000
193574.9276 66.0000
193575.1784 33.0000
193575.4278 66.0000
193575.6776 44.0000
193575.9278 55.0000
193576.1776 66.0000
193576.4275 11.0000
193576.6776 33.0000
193576.9276 11.0000
193577.1776 33.0000
193577.4276 11.0000
193577.6776 33.0000
193577.9276 55.0000
193578.1775 33.0000
193578.4275 44.0000
193578.6776 11.0000
193578.9277 33.0000
193579.1776 66.0000
193579.4276 11.0000
193579.6776 33.0000
193579.9291 22.0000
193580.1776 11.0000
193580.4282 66.0000
193580.6776 11.0000
193580.9276 22.0000
193581.1776 11.0000
193581.4276 66.0000
193581.6776 11.0000
193581.9276 22.0000
193582.1778 66.0000
193582.4276 22.0000
193582.6776 55.0000
193582.9276 33.0000
193583.1776 55.0000
193583.4276 11.0000
193583.6776 55.0000
193583.9275 11.0000
193584.1777 44.0000
193584.4276 33.0000
193584.6776 66.0000
193584.9276 44.0000
193585.1774 22.0000
193585.4276 44.0000
193585.6777 55.0000
193585.9278 33.0000
193586.1776 22.0000
193586.4276 66.0000
193586.6777 22.0000
193586.9276 66.0000
193587.1775 22.0000
193587.4279 55.0000
193587.6776 22.0000
193587.9275 33.0000
193588.1780 44.0000
193588.4281 22.0000
193588.6775 33.0000
193588.9276 55.0000
193589.1775 66.0000
193589.4278 33.0000
193589.6775 22.0000
193589.9276 44.0000
193590.1775 55.0000
193590.4276 33.0000
193590.6782 66.0000
193590.9278 11.0000
193591.1775 33.0000
193591.4276 22.0000
193591.6776 66.0000
193591.9275 55.0000
193592.1775 66.0000
193592.4277 44.0000
193592.6775 33.0000
193592.9276 44.0000
193593.1776 66.0000
193593.4275 44.0000
193593.6775 33.0000
193593.9275 55.0000
193594.1775 44.0000
193594.4275 11.0000
193594.6775 33.0000
193594.9275 55.0000
193595.1775 33.0000
193595.4275 66.0000
193595.6775 22.0000
193595.9275 55.0000
193596.1778 11.0000
193596.4277 33.0000
193596.6778 11.0000
193596.9275 22.0000
193597.1775 44.0000
193597.4275 22.0000
193597.6775 66.0000
193597.9280 22.0000
193598.1778 44.0000
193598.4275 66.0000
193598.6775 55.0000
193598.9275 33.0000
193599.1775 22.0000
193599.4275 55.0000
193599.6775 22.0000
193599.9275 11.0000
193600.1775 55.0000
193600.4275 44.0000
193600.6775 11.0000
193600.9275 44.0000
193601.1775 33.0000
193601.4288 44.0000
193601.6775 55.0000
193601.9276 66.0000
193602.1775 44.0000
193602.4277 11.0000
193602.6775 66.0000
193602.9275 55.0000
193603.1783 44.0000
193603.4277 22.0000
193603.6777 33.0000
193603.9279 11.0000
193604.1775 22.0000
193604.4280 44.0000
193604.6775 11.0000
193604.9274 44.0000
193605.1775 22.0000
193605.4275 44.0000
193605.6774 11.0000
193605.9275 22.0000
193606.1774 11.0000
193606.4275 22.0000
193606.6779 66.0000
193606.9279 44.0000
193607.1775 22.0000
193607.4274 55.0000
193607.6775 11.0000
193607.9274 66.0000
193608.1774 11.0000
193608.4274 22.0000
193608.6775 33.0000
193608.9275 11.0000
193609.1775 55.0000
193609.4274 22.0000
193609.6775 11.0000
193609.9274 33.0000
193610.1775 11.0000
193610.4274 66.0000
193610.6775 55.0000
193610.9274 22.0000
193611.1774 55.0000
193611.4274 66.0000
193611.6774 11.0000
193611.9274 44.0000
193612.1774 66.0000
193612.4274 55.0000
193612.6774 22.0000
193612.9274 55.0000
193613.1780 66.0000
193613.4274 33.0000
193613.6774 55.0000
193613.9274 33.0000
193614.1774 22.0000
193614.4274 44.0000
193614.6775 55.0000
193614.9274 11.0000
193615.1775 33.0000
193615.4274 44.0000
193615.6774 66.0000
193615.9274 22.0000
193616.1774 55.0000
193616.4276 33.0000
193616.6775 44.0000
193616.9276 66.0000
193617.1775 44.0000
193617.4274 33.0000
193617.6781 22.0000
193617.9274 44.0000
193618.1779 33.0000
193618.4283 22.0000
193618.6774 66.0000
193618.9274 44.0000
193619.1774 66.0000
193619.4274 44.0000
193619.6780 22.0000
193619.9274 55.0000
193620.1774 33.0000
193620.4274 22.0000
193620.6775 33.0000
193620.9274 66.0000
193621.1774 55.0000
193621.4274 11.0000
193621.6774 33.0000
193621.9274 66.0000
193622.1774 33.0000
193622.4274 22.0000
193622.6776 33.0000
193622.9279 44.0000
193623.1775 55.0000
193623.4274 11.0000
193623.6774 22.0000
193623.9274 11.0000
193624.1775 22.0000
193624.4274 44.0000
193624.6781 66.0000
193624.9276 55.0000
193625.1774 11.0000
193625.4278 55.0000
193625.6774 66.0000
193625.9274 55.0000
193626.1776 33.0000
193626.4277 44.0000
193626.6774 22.0000
193626.9276 66.0000
193627.1783 44.0000
193627.4274 55.0000
193627.6777 33.0000
193627.9274 44.0000
193628.1774 33.0000
193628.4274 44.0000
193628.6774 55.0000
193628.9274 44.0000
193629.1774 66.0000
193629.4274 22.0000
193629.6774 44.0000
193629.9275 55.0000
193630.1774 33.0000
193630.4274 44.0000
193630.6774 11.0000
193630.9274 33.0000
193631.1773 55.0000
193631.4274 44.0000
193631.6774 55.0000
193631.9274 11.0000
193632.1774 66.0000
193632.4274 22.0000
193632.6773 66.0000
193632.9274 33.0000
193633.1782 44.0000
193633.4273 66.0000
193633.6784 22.0000
193633.9274 44.0000
193634.1774 33.0000
193634.4273 44.0000
193634.6776 11.0000
193634.9273 22.0000
193635.1773 33.0000
193635.4273 44.0000
193635.6773 66.0000
193635.9273 11.0000
193636.1774 22.0000
193636.4273 66.0000
193636.6777 22.0000
193636.9273 55.0000
193637.1777 33.0000
193637.4274 66.0000
193637.6773 44.0000
193637.9275 33.0000
193638.1774 22.0000
193638.4273 55.0000
193638.6783 33.0000
193638.9274 44.0000
193639.1782 22.0000
193639.4275 55.0000
193639.6773 66.0000
193639.9273 22.0000
193640.1773 33.0000
193640.4276 11.0000
193640.6773 44.0000
193640.9273 66.0000
193641.1774 55.0000
193641.4273 33.0000
193641.6773 22.0000
193641.9273 66.0000
193642.1773 11.0000
193642.4275 33.0000
193642.6775 22.0000
193642.9273 55.0000
193643.1776 22.0000
193643.4273 33.0000
193643.6774 55.0000
193643.9273 66.0000
193644.1773 11.0000
193644.4273 66.0000
193644.6773 22.0000
193644.9273 11.0000
193645.1774 44.0000
193645.4273 66.0000
193645.6775 44.0000
193645.9282 22.0000
193646.1773 11.0000
193646.4273 44.0000
193646.6773 22.0000
193646.9276 66.0000
193647.1773 44.0000
193647.4273 66.0000
193647.6773 33.0000
193647.9273 66.0000
193648.1773 11.0000
193648.4273 22.0000
193648.6773 33.0000
193648.9273 44.0000
193649.1773 33.0000
193649.4273 55.0000
193649.6773 22.0000
193649.9273 44.0000
193650.1773 66.0000
193650.4273 22.0000
193650.6773 55.0000
193650.9273 44.0000
193651.1780 11.0000
193651.4276 33.0000
193651.6773 44.0000
193651.9273 33.0000
193652.1773 11.0000
193652.4274 66.0000
193652.6773 55.0000
193652.9273 22.0000
193653.1773 33.0000
193653.4273 22.0000
193653.6773 11.0000
193653.9276 22.0000
193654.1773 55.0000
193654.4273 33.0000
193654.6773 66.0000
193654.9273 22.0000
193655.1773 44.0000
193655.4273 66.0000
193655.6773 55.0000
193655.9276 11.0000
193656.1773 44.0000
193656.4273 55.0000
193656.6773 33.0000
193656.9273 22.0000
193657.1775 44.0000
193657.4273 33.0000
193657.6774 66.0000
193657.9275 55.0000
193658.1773 44.0000
193658.4273 11.0000
193658.6773 55.0000
193658.9275 66.0000
193659.1773 33.0000
193659.4273 11.0000
193659.6773 44.0000
193659.9273 22.0000
193660.1772 44.0000
193660.4275 33.0000
193660.6773 44.0000
193660.9276 22.0000
193661.1772 66.0000
193661.4274 55.0000
193661.6780 44.0000
193661.9278 55.0000
193662.1773 33.0000
193662.4273 55.0000
193662.6773 66.0000
193662.9274 11.0000
193663.1772 44.0000
193663.4273 55.0000
193663.6773 11.0000
193663.9273 33.0000
193664.1772 11.0000
193664.4273 66.0000
193664.6773 11.0000
193664.9276 22.0000
193665.1773 66.0000
193665.4272 55.0000
193665.6773 44.0000
193665.9272 11.0000
193666.1772 66.0000
193666.4273 44.0000
193666.6772 11.0000
193666.9272 66.0000
193667.1773 11.0000
193667.4272 44.0000
193667.6775 66.0000
193667.9274 33.0000
193668.1773 11.0000
193668.4272 22.0000
193668.6773 33.0000
193668.9272 11.0000
193669.1773 22.0000
193669.4272 33.0000
193669.6778 44.0000
193669.9272 11.0000
193670.1773 55.0000
193670.4272 11.0000
193670.6772 33.0000
193670.9274 11.0000
193671.1772 44.0000
193671.4272 11.0000
193671.6773 33.0000
193671.9272 22.0000
193672.1772 33.0000
193672.4277 44.0000
193672.6772 55.0000
193672.9272 33.0000
193673.1772 55.0000
193673.4272 22.0000
193673.6772 33.0000
193673.9276 44.0000
193674.1772 33.0000
193674.4272 11.0000
193674.6773 55.0000
193674.9274 33.0000
193675.1772 55.0000
193675.4272 33.0000
193675.6773 44.0000
193675.9272 11.0000
193676.1772 44.0000
193676.4274 11.0000
193676.6772 22.0000
193676.9281 44.0000
193677.1772 66.0000
193677.4272 33.0000
193677.6772 44.0000
193677.9272 11.0000
193678.1772 22.0000
193678.4272 33.0000
193678.6774 11.0000
193678.9272 22.0000
193679.1772 11.0000
193679.4272 44.0000
193679.6772 33.0000
193679.9282 66.0000
193680.1772 33.0000
193680.4272 55.0000
193680.6772 33.0000
193680.9272 44.0000
193681.1772 33.0000
193681.4272 55.0000
193681.6780 11.0000
193681.9272 44.0000
193682.1776 11.0000
193682.4272 66.0000
193682.6772 44.0000
193682.9276 22.0000
193683.1772 33.0000
193683.4272 66.0000
193683.6772 11.0000
193683.9275 44.0000
193684.1772 22.0000
193684.4272 33.0000
193684.6772 22.0000
193684.9272 11.0000
193685.1772 44.0000
193685.4272 22.0000
193685.6772 33.0000
193685.9272 66.0000
193686.1772 55.0000
193686.4274 33.0000
193686.6774 11.0000
193686.9274 44.0000
193687.1773 22.0000
193687.4275 11.0000
193687.6774 55.0000
193687.9274 22.0000
193688.1778 55.0000
193688.4272 44.0000
193688.6774 11.0000
193688.9280 44.0000
193689.1772 66.0000
193689.4274 11.0000
193689.6771 22.0000
193689.9273 11.0000
193690.1774 55.0000
193690.4272 11.0000
193690.6777 33.0000
193690.9273 55.0000
193691.1779 22.0000
193691.4271 11.0000
193691.6774 22.0000
193691.9272 66.0000
193692.1772 22.0000
193692.4271 11.0000
193692.6778 22.0000
193692.9271 33.0000
193693.1774 55.0000
193693.4271 22.0000
193693.6772 55.0000
193693.9271 44.0000
193694.1772 33.0000
193694.4272 55.0000
193694.6772 22.0000
193694.9271 66.0000
193695.1772 33.0000
193695.4272 55.0000
193695.6773 44.0000
193695.9271 55.0000
193696.1772 11.0000
193696.4271 22.0000
193696.6774 44.0000
193696.9273 22.0000
193697.1776 11.0000
193697.4272 22.0000
193697.6772 66.0000
193697.9274 11.0000
193698.1779 22.0000
193698.4271 11.0000
193698.6772 44.0000
193698.9273 66.0000
193699.1774 33.0000
193699.4271 55.0000
193699.6773 33.0000
193699.9272 22.0000
193700.1772 66.0000
193700.4271 55.0000
193700.6777 66.0000
193700.9276 55.0000
193701.1773 44.0000
193701.4271 55.0000
193701.6772 22.0000
193701.9271 11.0000
193702.1772 33.0000
193702.4271 22.0000
193702.6771 66.0000
193702.9272 55.0000
193703.1771 22.0000
193703.4272 44.0000
193703.6772 55.0000
193703.9275 22.0000
193704.1771 11.0000
193704.4271 44.0000
193704.6771 11.0000
193704.9272 66.0000
193705.1771 11.0000
193705.4273 22.0000
193705.6772 11.0000
193705.9271 22.0000
193706.1776 55.0000
193706.4273 66.0000
193706.6775 22.0000
193706.9271 55.0000
193707.1781 66.0000
193707.4271 55.0000
193707.6772 44.0000
193707.9271 11.0000
193708.1771 44.0000
193708.4271 11.0000
193708.6771 66.0000
193708.9271 33.0000
193709.1771 11.0000
193709.4271 66.0000
193709.6771 55.0000
193709.9273 33.0000
193710.1771 22.0000
193710.4271 55.0000
193710.6772 44.0000
193710.9272 22.0000
193711.1771 66.0000
193711.4271 33.0000
193711.6776 55.0000
193711.9277 44.0000
193712.1771 33.0000
193712.4271 55.0000
193712.6775 44.0000
193712.9271 11.0000
193713.1771 22.0000
193713.4271 33.0000
193713.6771 22.0000
193713.9271 11.0000
193714.1771 66.0000
193714.4271 33.0000
193714.6771 66.0000
193714.9271 55.0000
193715.1771 33.0000
193715.4271 44.0000
193715.6771 22.0000
193715.9270 66.0000
193716.1770 22.0000
193716.4269 66.0000
193716.6772 33.0000
193716.9272 55.0000
193717.1771 22.0000
193717.4270 33.0000
193717.6771 11.0000
193717.9271 22.0000
193718.1770 55.0000
193718.4271 11.0000
193718.6771 66.0000
193718.9271 55.0000
193719.1771 11.0000
193719.4271 55.0000
193719.6770 44.0000
193719.9270 66.0000
193720.1771 33.0000
193720.4271 55.0000
193720.6771 66.0000
193720.9271 44.0000
193721.1770 11.0000
193721.4270 33.0000
193721.6774 44.0000
193721.9275 33.0000
193722.1771 66.0000
193722.4270 22.0000
193722.6770 55.0000
193722.9270 11.0000
193723.1771 22.0000
193723.4270 66.0000
193723.6771 33.0000
193723.9270 44.0000
193724.1770 11.0000
193724.4271 66.0000
193724.6771 55.0000
193724.9270 22.0000
193725.1771 33.0000
193725.4270 55.0000
193725.6770 11.0000
193725.9270 66.0000
193726.1770 11.0000
193726.4270 44.0000
193726.6771 55.0000
193726.9270 11.0000
193727.1771 44.0000
193727.4271 66.0000
193727.6770 22.0000
193727.9271 66.0000
193728.1771 55.0000
193728.4273 44.0000
193728.6770 66.0000
193728.9271 44.0000
193729.1776 33.0000
193729.4273 44.0000
193729.6771 66.0000
193729.9271 11.0000
193730.1778 55.0000
193730.4271 22.0000
193730.6772 55.0000
193730.9271 11.0000
193731.1778 55.0000
193731.4270 33.0000
193731.6772 44.0000
193731.9271 11.0000
193732.1771 22.0000
193732.4270 44.0000
193732.6770 66.0000
193732.9271 22.0000
193733.1770 55.0000
193733.4270 11.0000
193733.6771 44.0000
193733.9270 33.0000
193734.1770 22.0000
193734.4271 11.0000
193734.6770 22.0000
193734.9271 66.0000
193735.1771 11.0000
193735.4271 44.0000
193735.6770 55.0000
193735.9271 44.0000
193736.1772 33.0000
193736.4270 44.0000
193736.6770 33.0000
193736.9270 55.0000
193737.1776 44.0000
193737.4277 11.0000
193737.6773 22.0000
193737.9270 11.0000
193738.1770 66.0000
193738.4270 22.0000
193738.6782 44.0000
193738.9270 55.0000
193739.1770 22.0000
193739.4272 66.0000
193739.6770 55.0000
193739.9270 11.0000
193740.1770 55.0000
193740.4272 44.0000
193740.6770 33.0000
193740.9270 11.0000
193741.1770 66.0000
193741.4270 33.0000
193741.6770 66.0000
193741.9270 44.0000
193742.1772 11.0000
193742.4270 55.0000
193742.6770 66.0000
193742.9272 22.0000
193743.1782 66.0000
193743.4270 33.0000
193743.6770 55.0000
193743.9270 33.0000
193744.1787 66.0000
193744.4275 11.0000
193744.6770 55.0000
193744.9270 22.0000
193745.1770 33.0000
193745.4270 11.0000
193745.6770 66.0000
193745.9270 44.0000
193746.1770 66.0000
193746.4270 44.0000
193746.6770 33.0000
193746.9270 22.0000
193747.1769 55.0000
193747.4270 11.0000
193747.6775 22.0000
193747.9275 33.0000
193748.1770 55.0000
193748.4270 44.0000
193748.6776 11.0000
193748.9269 33.0000
193749.1770 55.0000
193749.4272 11.0000
193749.6770 66.0000
193749.9269 55.0000
193750.1769 33.0000
193750.4271 22.0000
193750.6770 11.0000
193750.9270 22.0000
193751.1777 66.0000
193751.4270 55.0000
193751.6769 44.0000
193751.9272 11.0000
193752.1776 33.0000
193752.4277 11.0000
193752.6770 66.0000
193752.9270 22.0000
193753.1770 33.0000
193753.4270 11.0000
193753.6769 33.0000
193753.9269 11.0000
193754.1770 22.0000
193754.4272 11.0000
193754.6770 55.0000
193754.9269 11.0000
193755.1780 22.0000
193755.4269 33.0000
193755.6778 22.0000
193755.9269 44.0000
193756.1784 33.0000
193756.4269 22.0000
193756.6774 44.0000
193756.9269 22.0000
193757.1771 55.0000
193757.4269 33.0000
193757.6770 22.0000
193757.9269 44.0000
193758.1775 22.0000
193758.4269 44.0000
193758.6769 66.0000
193758.9271 44.0000
193759.1774 22.0000
193759.4272 66.0000
193759.6774 44.0000
193759.9269 55.0000
193760.1770 66.0000
193760.4269 55.0000
193760.6770 66.0000
193760.9274 55.0000
193761.1772 66.0000
193761.4269 33.0000
193761.6769 44.0000
193761.9271 66.0000
193762.1771 44.0000
193762.4272 66.0000
193762.6772 55.0000
193762.9269 22.0000
193763.1770 11.0000
193763.4270 33.0000
193763.6769 11.0000
193763.9269 22.0000
193764.1769 33.0000
193764.4274 55.0000
193764.6780 22.0000
193764.9269 11.0000
193765.1769 66.0000
193765.4269 22.0000
193765.6775 44.0000
193765.9279 22.0000
193766.1769 66.0000
193766.4270 33.0000
193766.6770 55.0000
193766.9269 22.0000
193767.1769 44.0000
193767.4269 11.0000
193767.6770 22.0000
193767.9276 11.0000
193768.1769 66.0000
193768.4269 11.0000
193768.6770 22.0000
193768.9269 33.0000
193769.1769 66.0000
193769.4271 33.0000
193769.6771 44.0000
193769.9269 22.0000
193770.1770 33.0000
193770.4269 11.0000
193770.6773 22.0000
193770.9269 66.0000
193771.1770 22.0000
193771.4269 55.0000
193771.6769 22.0000
193771.9269 44.0000
193772.1770 11.0000
193772.4269 22.0000
193772.6770 11.0000
193772.9269 55.0000
193773.1770 33.0000
193773.4269 22.0000
193773.6770 55.0000
193773.9273 22.0000
193774.1770 33.0000
193774.4269 55.0000
193774.6770 44.0000
193774.9269 55.0000
193775.1769 11.0000
193775.4269 55.0000
193775.6769 66.0000
193775.9269 44.0000
193776.1768 33.0000
193776.4277 44.0000
193776.6769 11.0000
193776.9271 22.0000
193777.1769 33.0000
193777.4274 44.0000
193777.6769 55.0000
193777.9271 66.0000
193778.1774 44.0000
193778.4268 66.0000
193778.6769 55.0000
193778.9274 44.0000
193779.1769 33.0000
193779.4269 66.0000
193779.6768 33.0000
193779.9272 66.0000
193780.1773 33.0000
193780.4269 11.0000
193780.6769 66.0000
193780.9268 22.0000
193781.1769 55.0000
193781.4271 33.0000
193781.6769 22.0000
193781.9268 33.0000
193782.1771 55.0000
193782.4268 44.0000
193782.6769 11.0000
193782.9274 33.0000
193783.1770 55.0000
193783.4268 33.0000
193783.6769 66.0000
193783.9273 11.0000
193784.1768 55.0000
193784.4268 44.0000
193784.6768 66.0000
193784.9268 22.0000
193785.1768 44.0000
193785.4268 22.0000
193785.6768 11.0000
193785.9268 44.0000
193786.1769 33.0000
193786.4268 66.0000
193786.6768 44.0000
193786.9268 11.0000
193787.1769 22.0000
193787.4269 44.0000
193787.6774 22.0000
193787.9277 66.0000
193788.1774 44.0000
193788.4268 66.0000
193788.6768 44.0000
193788.9268 22.0000
193789.1768 11.0000
193789.4268 44.0000
193789.6769 33.0000
193789.9268 55.0000
193790.1768 44.0000
193790.4268 22.0000
193790.6768 11.0000
193790.9268 33.0000
193791.1768 44.0000
193791.4268 55.0000
193791.6768 33.0000
193791.9268 11.0000
193792.1768 66.0000
193792.4267 55.0000
193792.6769 22.0000
193792.9268 44.0000
193793.1768 11.0000
193793.4268 33.0000
193793.6768 66.0000
193793.9269 33.0000
193794.1768 11.0000
193794.4268 22.0000
193794.6768 11.0000
193794.9279 55.0000
193795.1768 11.0000
193795.4267 33.0000
193795.6768 11.0000
193795.9272 44.0000
193796.1768 33.0000
193796.4268 55.0000
193796.6772 33.0000
193796.9268 44.0000
193797.1768 33.0000
193797.4268 66.0000
193797.6768 11.0000
193797.9272 22.0000
193798.1770 44.0000
193798.4268 33.0000
193798.6768 55.0000
193798.9267 22.0000
193799.1768 55.0000
193799.4268 33.0000
193799.6771 55.0000
193799.9268 66.0000
193800.1768 44.0000
193800.4268 22.0000
193800.6768 33.0000
193800.9268 44.0000
193801.1768 33.0000
193801.4268 11.0000
193801.6768 22.0000
193801.9266 44.0000
193802.1768 55.0000
193802.4268 33.0000
193802.6771 55.0000
193802.9268 22.0000
193803.1768 33.0000
193803.4269 66.0000
193803.6768 33.0000
193803.9268 11.0000
193804.1773 33.0000
193804.4268 11.0000
193804.6768 22.0000
193804.9268 33.0000
193805.1768 66.0000
193805.4268 44.0000
193805.6770 11.0000
193805.9268 33.0000
193806.1770 22.0000
193806.4268 66.0000
193806.6770 44.0000
193806.9268 66.0000
193807.1768 11.0000
193807.4273 66.0000
193807.6773 33.0000
193807.9268 66.0000
193808.1768 55.0000
193808.4268 66.0000
193808.6768 44.0000
193808.9275 22.0000
193809.1768 44.0000
193809.4268 55.0000
193809.6775 22.0000
193809.9268 55.0000
193810.1768 22.0000
193810.4268 55.0000
193810.6768 22.0000
193810.9267 33.0000
193811.1767 44.0000
193811.4268 33.0000
193811.6767 66.0000
193811.9268 44.0000
193812.1768 22.0000
193812.4269 33.0000
193812.6768 11.0000
193812.9268 22.0000
193813.1772 33.0000
193813.4269 55.0000
193813.6768 11.0000
193813.9268 33.0000
193814.1772 44.0000
193814.4269 55.0000
193814.6768 33.0000
193814.9272 11.0000
193815.1768 55.0000
193815.4267 66.0000
193815.6768 11.0000
193815.9268 55.0000
193816.1767 33.0000
193816.4267 55.0000
193816.6767 11.0000
193816.9268 44.0000
193817.1768 22.0000
193817.4267 55.0000
193817.6767 44.0000
193817.9268 55.0000
193818.1768 66.0000
193818.4267 22.0000
193818.6768 11.0000
193818.9272 22.0000
193819.1767 11.0000
193819.4267 33.0000
193819.6768 55.0000
193819.9268 11.0000
193820.1768 44.0000
193820.4274 33.0000
193820.6767 66.0000
193820.9267 44.0000
193821.1767 66.0000
193821.4267 22.0000
193821.6767 33.0000
193821.9267 66.0000
193822.1767 22.0000
193822.4267 44.0000
193822.6767 55.0000
193822.9267 33.0000
193823.1767 66.0000
193823.4267 22.0000
193823.6767 55.0000
193823.9267 44.0000
193824.1767 33.0000
193824.4267 22.0000
193824.6767 66.0000
193824.9267 33.0000
193825.1767 55.0000
193825.4267 33.0000
193825.6767 55.0000
193825.9269 11.0000
193826.1767 33.0000
193826.4267 44.0000
193826.6767 33.0000
193826.9268 11.0000
193827.1767 66.0000
193827.4269 44.0000
193827.6767 11.0000
193827.9267 44.0000
193828.1767 33.0000
193828.4267 55.0000
193828.6774 11.0000
193828.9267 66.0000
193829.1767 11.0000
193829.4267 33.0000
193829.6770 55.0000
193829.9269 11.0000
193830.1767 55.0000
193830.4266 44.0000
193830.6767 33.0000
193830.9266 22.0000
193831.1769 55.0000
193831.4267 11.0000
193831.6767 66.0000
193831.9267 55.0000
193832.1770 44.0000
193832.4267 33.0000
193832.6767 22.0000
193832.9267 44.0000
193833.1767 66.0000
193833.4267 22.0000
193833.6767 66.0000
193833.9267 11.0000
193834.1768 66.0000
193834.4267 33.0000
193834.6767 66.0000
193834.9268 33.0000
193835.1768 55.0000
193835.4266 33.0000
193835.6767 44.0000
193835.9267 33.0000
193836.1774 22.0000
193836.4267 44.0000
193836.6777 33.0000
193836.9269 22.0000
193837.1769 55.0000
193837.4266 66.0000
193837.6772 22.0000
193837.9267 66.0000
193838.1774 55.0000
193838.4266 33.0000
193838.6767 55.0000
193838.9276 33.0000
193839.1767 55.0000
193839.4273 22.0000
193839.6768 11.0000
193839.9267 55.0000
193840.1767 66.0000
193840.4266 11.0000
193840.6767 55.0000
193840.9266 33.0000
193841.1767 11.0000
193841.4266 66.0000
193841.6767 22.0000
193841.9267 33.0000
193842.1768 66.0000
193842.4268 44.0000
193842.6767 66.0000
193842.9268 33.0000
193843.1767 44.0000
193843.4266 11.0000
193843.6773 22.0000
193843.9266 55.0000
193844.1778 33.0000
193844.4266 11.0000
193844.6768 22.0000
193844.9266 33.0000
193845.1767 55.0000
193845.4266 33.0000
193845.6847 66.0000
193845.9266 22.0000
193846.1767 33.0000
193846.4285 66.0000
193846.6767 11.0000
193846.9267 55.0000
193847.1766 44.0000
193847.4266 11.0000
193847.6766 44.0000
193847.9268 55.0000
193848.1766 44.0000
193848.4266 55.0000
193848.6767 11.0000
193848.9266 22.0000
193849.1767 44.0000
193849.4266 55.0000
193849.6773 33.0000
193849.9266 55.0000
193850.1766 22.0000
193850.4267 55.0000
193850.6772 44.0000
193850.9268 11.0000
193851.1765 66.0000
193851.4266 44.0000
193851.6767 22.0000
193851.9268 11.0000
193852.1766 22.0000
193852.4267 33.0000
193852.6766 11.0000
193852.9266 66.0000
193853.1766 55.0000
193853.4266 44.0000
193853.6766 66.0000
193853.9266 55.0000
193854.1766 11.0000
193854.4265 44.0000
193854.6766 66.0000
193854.9266 22.0000
193855.1766 33.0000
193855.4266 11.0000
193855.6766 22.0000
193855.9266 66.0000
193856.1766 33.0000
193856.4268 66.0000
193856.6767 33.0000
193856.9266 44.0000
193857.1767 33.0000
193857.4266 44.0000
193857.6766 33.0000
193857.9266 66.0000
193858.1765 44.0000
193858.4265 55.0000
193858.6766 22.0000
193858.9266 55.0000
193859.1766 11.0000
193859.4264 55.0000
193859.6766 11.0000
193859.9266 44.0000
193860.1766 22.0000
193860.4273 66.0000
193860.6767 44.0000
193860.9266 22.0000
193861.1766 66.0000
193861.4267 33.0000
193861.6766 11.0000
193861.9266 33.0000
193862.1766 55.0000
193862.4266 11.0000
193862.6766 33.0000
193862.9266 66.0000
193863.1766 44.0000
193863.4265 55.0000
193863.6766 22.0000
193863.9265 11.0000
193864.1766 55.0000
193864.4265 11.0000
193864.6766 33.0000
193864.9267 66.0000
193865.1767 55.0000
193865.4266 11.0000
193865.6764 66.0000
193865.9266 22.0000
193866.1766 33.0000
193866.4266 22.0000
193866.6766 55.0000
193866.9265 44.0000
193867.1766 66.0000
193867.4266 33.0000
193867.6766 55.0000
193867.9265 66.0000
193868.1765 22.0000
193868.4267 33.0000
193868.6769 66.0000
193868.9272 11.0000
193869.1774 66.0000
193869.4265 22.0000
193869.6765 66.0000
193869.9266 55.0000
193870.1765 66.0000
193870.4265 11.0000
193870.6765 55.0000
193870.9266 44.0000
193871.1765 11.0000
193871.4266 55.0000
193871.6765 22.0000
193871.9268 55.0000
193872.1766 44.0000
193872.4265 33.0000
193872.6765 44.0000
193872.9266 55.0000
193873.1765 66.0000
193873.4275 33.0000
193873.6765 22.0000
193873.9265 66.0000
193874.1771 44.0000
193874.4275 11.0000
193874.6765 22.0000
193874.9266 33.0000
193875.1766 44.0000
193875.4265 66.0000
193875.6765 44.0000
193875.9265 22.0000
193876.1766 33.0000
193876.4265 22.0000
193876.6765 55.0000
193876.9265 22.0000
193877.1766 44.0000
193877.4266 33.0000
193877.6765 11.0000
193877.9266 33.0000
193878.1767 66.0000
193878.4265 11.0000
193878.6766 22.0000
193878.9265 44.0000
193879.1765 22.0000
193879.4265 66.0000
193879.6765 11.0000
193879.9265 44.0000
193880.1765 11.0000
193880.4265 66.0000
193880.6765 22.0000
193880.9274 55.0000
193881.1765 33.0000
193881.4266 22.0000
193881.6765 66.0000
193881.9266 22.0000
193882.1765 11.0000
193882.4266 66.0000
193882.6765 55.0000
193882.9266 33.0000
193883.1765 44.0000
193883.4268 55.0000
193883.6765 33.0000
193883.9267 22.0000
193884.1766 44.0000
193884.4265 11.0000
193884.6766 22.0000
193884.9265 33.0000
193885.1765 66.0000
193885.4265 11.0000
193885.6765 33.0000
193885.9265 11.0000
193886.1768 33.0000
193886.4265 55.0000
193886.6766 33.0000
193886.9265 44.0000
193887.1765 11.0000
193887.4265 33.0000
193887.6765 66.0000
193887.9269 11.0000
193888.1765 55.0000
193888.4267 44.0000
193888.6768 33.0000
193888.9265 22.0000
193889.1765 11.0000
193889.4266 33.0000
193889.6765 55.0000
193889.9272 66.0000
193890.1765 11.0000
193890.4265 55.0000
193890.6765 33.0000
193890.9265 66.0000
193891.1765 22.0000
193891.4265 66.0000
193891.6765 22.0000
193891.9264 33.0000
193892.1765 66.0000
193892.4264 33.0000
193892.6766 66.0000
193892.9271 33.0000
193893.1766 11.0000
193893.4265 55.0000
193893.6765 66.0000
193893.9267 33.0000
193894.1765 55.0000
193894.4265 11.0000
193894.6765 66.0000
193894.9264 22.0000
193895.1765 11.0000
193895.4265 44.0000
193895.6767 22.0000
193895.9265 66.0000
193896.1772 55.0000
193896.4265 22.0000
193896.6765 66.0000
193896.9268 11.0000
193897.1765 44.0000
193897.4265 66.0000
193897.6766 44.0000
193897.9265 55.0000
193898.1765 66.0000
193898.4265 11.0000
193898.6771 22.0000
193898.9266 33.0000
193899.1765 11.0000
193899.4265 33.0000
193899.6767 22.0000
193899.9265 44.0000
193900.1765 33.0000
193900.4265 44.0000
193900.6765 66.0000
193900.9264 44.0000
193901.1765 33.0000
193901.4265 11.0000
193901.6764 66.0000
193901.9274 44.0000
193902.1764 55.0000
193902.4267 44.0000
193902.6765 55.0000
193902.9265 33.0000
193903.1765 55.0000
193903.4265 22.0000
193903.6764 55.0000
193903.9264 44.0000
193904.1768 55.0000
193904.4272 11.0000
193904.6764 55.0000
193904.9264 33.0000
193905.1765 55.0000
193905.4280 44.0000
193905.6764 66.0000
193905.9264 55.0000
193906.1769 11.0000
193906.4264 44.0000
193906.6765 66.0000
193906.9267 11.0000
193907.1764 22.0000
193907.4264 44.0000
193907.6764 33.0000
193907.9266 55.0000
193908.1767 11.0000
193908.4267 66.0000
193908.6765 22.0000
193908.9264 44.0000
193909.1764 66.0000
193909.4264 22.0000
193909.6765 66.0000
193909.9264 44.0000
193910.1765 22.0000
193910.4264 66.0000
193910.6765 33.0000
193910.9269 44.0000
193911.1765 11.0000
193911.4264 55.0000
193911.6764 33.0000
193911.9264 66.0000
193912.1764 55.0000
193912.4264 66.0000
193912.6765 22.0000
193912.9266 33.0000
193913.1765 44.0000
193913.4266 66.0000
193913.6767 22.0000
193913.9264 44.0000
193914.1764 22.0000
193914.4264 66.0000
193914.6765 55.0000
193914.9266 66.0000
193915.1764 55.0000
193915.4264 22.0000
193915.6764 55.0000
193915.9264 22.0000
193917.6604 888.0000
193935.5765 999.0000
