15372.0871 777.0000
15375.1320 66.0000
15375.3819 55.0000
15375.6320 44.0000
15375.8819 11.0000
15376.1324 66.0000
15376.3824 33.0000
15376.6319 66.0000
15376.8820 44.0000
15377.1324 66.0000
15377.3826 22.0000
15377.6320 55.0000
15377.8819 44.0000
15378.1320 22.0000
15378.3825 44.0000
15378.6325 33.0000
15378.8826 44.0000
15379.1323 22.0000
15379.3819 44.0000
15379.6319 11.0000
15379.8821 44.0000
15380.1324 55.0000
15380.3819 11.0000
15380.6320 22.0000
15380.8819 33.0000
15381.1321 11.0000
15381.3820 22.0000
15381.6320 44.0000
15381.8820 22.0000
15382.1324 11.0000
15382.3820 22.0000
15382.6319 33.0000
15382.8819 11.0000
15383.1321 44.0000
15383.3819 66.0000
15383.6319 22.0000
15383.8828 66.0000
15384.1320 11.0000
15384.3819 22.0000
15384.6319 55.0000
15384.8819 33.0000
15385.1319 55.0000
15385.3819 44.0000
15385.6322 33.0000
15385.8828 66.0000
15386.1319 33.0000
15386.3819 11.0000
15386.6319 33.0000
15386.8823 22.0000
15387.1319 11.0000
15387.3819 44.0000
15387.6319 11.0000
15387.8821 44.0000
15388.1319 55.0000
15388.3821 33.0000
15388.6322 44.0000
15388.8819 33.0000
15389.1322 22.0000
15389.3819 33.0000
15389.6321 66.0000
15389.8819 22.0000
15390.1323 33.0000
15390.3824 22.0000
15390.6319 11.0000
15390.8819 22.0000
15391.1320 33.0000
15391.3832 22.0000
15391.6319 66.0000
15391.8819 22.0000
15392.1320 11.0000
15392.3818 22.0000
15392.6319 55.0000
15392.8820 33.0000
15393.1319 11.0000
15393.3819 44.0000
15393.6320 11.0000
15393.8819 44.0000
15394.1319 33.0000
15394.3821 44.0000
15394.6319 55.0000
15394.8819 33.0000
15395.1319 66.0000
15395.3818 33.0000
15395.6319 55.0000
15395.8819 66.0000
15396.1320 44.0000
15396.3819 66.0000
15396.6333 22.0000
15396.8818 66.0000
15397.1320 33.0000
15397.3823 66.0000
15397.6319 55.0000
15397.8818 44.0000
15398.1319 22.0000
15398.3819 11.0000
15398.6319 33.0000
15398.8827 44.0000
15399.1319 11.0000
15399.3819 55.0000
15399.6319 33.0000
15399.8820 22.0000
15400.1319 55.0000
15400.3819 44.0000
15400.6318 66.0000
15400.8819 22.0000
15401.1319 55.0000
15401.3821 11.0000
15401.6319 22.0000
15401.8818 33.0000
15402.1319 22.0000
15402.3818 33.0000
15402.6320 55.0000
15402.8818 22.0000
15403.1320 33.0000
15403.3819 55.0000
15403.6327 66.0000
15403.8818 11.0000
15404.1318 33.0000
15404.3822 66.0000
15404.6319 44.0000
15404.8818 55.0000
15405.1322 66.0000
15405.3823 11.0000
15405.6318 33.0000
15405.8818 55.0000
15406.1320 11.0000
15406.3818 22.0000
15406.6320 44.0000
15406.8822 11.0000
15407.1318 55.0000
15407.3820 44.0000
15407.6318 22.0000
15407.8818 66.0000
15408.1318 11.0000
15408.3818 33.0000
15408.6319 66.0000
15408.8818 55.0000
15409.1320 22.0000
15409.3818 11.0000
15409.6331 33.0000
15409.8824 66.0000
15410.1319 11.0000
15410.3818 44.0000
15410.6318 66.0000
15410.8818 55.0000
15411.1318 44.0000
15411.3824 22.0000
15411.6318 33.0000
15411.8817 11.0000
15412.1318 22.0000
15412.3818 55.0000
15412.6322 66.0000
15412.8827 55.0000
15413.1318 11.0000
15413.3828 22.0000
15413.6318 66.0000
15413.8818 11.0000
15414.1323 44.0000
15414.3819 11.0000
15414.6318 66.0000
15414.8824 22.0000
15415.1318 66.0000
15415.3820 55.0000
15415.6318 44.0000
15415.8818 11.0000
15416.1327 66.0000
15416.3820 22.0000
15416.6318 44.0000
15416.8818 55.0000
15417.1319 22.0000
15417.3818 11.0000
15417.6325 55.0000
15417.8818 66.0000
15418.1320 22.0000
15418.3818 55.0000
15418.6318 33.0000
15418.8818 11.0000
15419.1318 55.0000
15419.3818 66.0000
15419.6318 22.0000
15419.8818 55.0000
15420.1327 66.0000
15420.3823 33.0000
15420.6318 44.0000
15420.8818 11.0000
15421.1318 33.0000
15421.3822 55.0000
15421.6324 66.0000
15421.8818 55.0000
15422.1318 11.0000
15422.3817 22.0000
15422.6318 44.0000
15422.8818 66.0000
15423.1318 22.0000
15423.3818 55.0000
15423.6318 11.0000
15423.8818 66.0000
15424.1318 11.0000
15424.3816 66.0000
15424.6318 22.0000
15424.8819 55.0000
15425.1318 11.0000
15425.3818 66.0000
15425.6318 33.0000
15425.8820 66.0000
15426.1317 55.0000
15426.3818 11.0000
15426.6330 44.0000
15426.8818 33.0000
15427.1326 55.0000
15427.3818 44.0000
15427.6318 33.0000
15427.8821 66.0000
15428.1318 11.0000
15428.3820 66.0000
15428.6324 33.0000
15428.8824 22.0000
15429.1318 55.0000
15429.3820 44.0000
15429.6317 66.0000
15429.8818 55.0000
15430.1318 11.0000
15430.3818 44.0000
15430.6318 33.0000
15430.8822 11.0000
15431.1317 44.0000
15431.3820 11.0000
15431.6317 44.0000
15431.8818 33.0000
15432.1318 66.0000
15432.3818 44.0000
15432.6318 55.0000
15432.8818 11.0000
15433.1317 44.0000
15433.3822 33.0000
15433.6317 55.0000
15433.8819 66.0000
15434.1317 55.0000
15434.3819 44.0000
15434.6318 66.0000
15434.8819 22.0000
15435.1318 11.0000
15435.3817 66.0000
15435.6317 44.0000
15435.8819 55.0000
15436.1318 33.0000
15436.3817 44.0000
15436.6316 33.0000
15436.8819 55.0000
15437.1320 44.0000
15437.3817 11.0000
15437.6327 22.0000
15437.8818 55.0000
15438.1316 66.0000
15438.3817 33.0000
15438.6317 55.0000
15438.8817 11.0000
15439.1321 22.0000
15439.3817 11.0000
15439.6317 44.0000
15439.8817 22.0000
15440.1322 11.0000
15440.3819 33.0000
15440.6318 44.0000
15440.8817 22.0000
15441.1318 11.0000
15441.3822 33.0000
15441.6323 44.0000
15441.8817 66.0000
15442.1318 44.0000
15442.3817 55.0000
15442.6317 44.0000
15442.8819 55.0000
15443.1317 44.0000
15443.3817 22.0000
15443.6317 66.0000
15443.8817 44.0000
15444.1318 66.0000
15444.3817 33.0000
15444.6319 66.0000
15444.8817 33.0000
15445.1322 44.0000
15445.3817 22.0000
15445.6317 11.0000
15445.8819 66.0000
15446.1317 22.0000
15446.3817 33.0000
15446.6317 11.0000
15446.8817 44.0000
15447.1317 33.0000
15447.3817 22.0000
15447.6321 66.0000
15447.8822 22.0000
15448.1324 11.0000
15448.3817 33.0000
15448.6317 11.0000
15448.8817 55.0000
15449.1323 66.0000
15449.3817 55.0000
15449.6317 33.0000
15449.8817 66.0000
15450.1317 11.0000
15450.3817 33.0000
15450.6317 22.0000
15450.8817 11.0000
15451.1318 33.0000
15451.3817 55.0000
15451.6317 66.0000
15451.8817 22.0000
15452.1320 11.0000
15452.3817 22.0000
15452.6318 33.0000
15452.8817 22.0000
15453.1328 44.0000
15453.3815 66.0000
15453.6323 11.0000
15453.8817 33.0000
15454.1317 44.0000
15454.3817 11.0000
15454.6317 33.0000
15454.8817 22.0000
15455.1317 33.0000
15455.3822 55.0000
15455.6317 66.0000
15455.8820 22.0000
15456.1317 33.0000
15456.3817 11.0000
15456.6316 22.0000
15456.8817 66.0000
15457.1317 33.0000
15457.3817 44.0000
15457.6322 55.0000
15457.8817 33.0000
15458.1317 66.0000
15458.3817 44.0000
15458.6317 55.0000
15458.8816 66.0000
15459.1317 22.0000
15459.3817 55.0000
15459.6322 33.0000
15459.8817 55.0000
15460.1317 33.0000
15460.3817 11.0000
15460.6318 66.0000
15460.8816 22.0000
15461.1317 44.0000
15461.3816 22.0000
15461.6318 44.0000
15461.8816 55.0000
15462.1328 33.0000
15462.3822 44.0000
15462.6318 33.0000
15462.8818 44.0000
15463.1322 66.0000
15463.3817 55.0000
15463.6317 44.0000
15463.8821 22.0000
15464.1318 11.0000
15464.3823 33.0000
15464.6317 66.0000
15464.8816 33.0000
15465.1318 55.0000
15465.3821 33.0000
15465.6317 55.0000
15465.8817 66.0000
15466.1317 44.0000
15466.3818 55.0000
15466.6317 66.0000
15466.8816 22.0000
15467.1317 11.0000
15467.3821 55.0000
15467.6318 22.0000
15467.8817 11.0000
15468.1328 66.0000
15468.3816 11.0000
15468.6317 22.0000
15468.8816 66.0000
15469.1317 11.0000
15469.3816 44.0000
15469.6315 22.0000
15469.8821 66.0000
15470.1317 33.0000
15470.3819 22.0000
15470.6317 44.0000
15470.8816 22.0000
15471.1321 44.0000
15471.3832 11.0000
15471.6318 44.0000
15471.8816 66.0000
15472.1316 22.0000
15472.3818 33.0000
15472.6317 22.0000
15472.8827 33.0000
15473.1319 22.0000
15473.3819 33.0000
15473.6319 66.0000
15473.8818 44.0000
15474.1316 33.0000
15474.3816 55.0000
15474.6316 22.0000
15474.8823 66.0000
15475.1316 55.0000
15475.3816 66.0000
15475.6321 44.0000
15475.8828 33.0000
15476.1316 22.0000
15476.3826 33.0000
15476.6316 55.0000
15476.8817 22.0000
15477.1316 55.0000
15477.3821 11.0000
15477.6316 66.0000
15477.8816 22.0000
15478.1316 33.0000
15478.3816 55.0000
15478.6321 11.0000
15478.8817 22.0000
15479.1316 33.0000
15479.3816 22.0000
15479.6316 55.0000
15479.8824 44.0000
15480.1316 11.0000
15480.3816 55.0000
15480.6321 22.0000
15480.8822 44.0000
15481.1322 22.0000
15481.3815 11.0000
15481.6316 33.0000
15481.8816 66.0000
15482.1317 22.0000
15482.3816 66.0000
15482.6315 11.0000
15482.8816 33.0000
15483.1321 11.0000
15483.3816 22.0000
15483.6316 44.0000
15483.8816 66.0000
15484.1316 44.0000
15484.3816 11.0000
15484.6317 55.0000
15484.8816 66.0000
15485.1324 44.0000
15485.3816 33.0000
15485.6316 11.0000
15485.8816 22.0000
15486.1316 55.0000
15486.3815 44.0000
15486.6316 55.0000
15486.8816 11.0000
15487.1318 33.0000
15487.3816 44.0000
15487.6318 22.0000
15487.8816 55.0000
15488.1316 33.0000
15488.3816 66.0000
15488.6315 11.0000
15488.8818 66.0000
15489.1316 11.0000
15489.3816 22.0000
15489.6322 66.0000
15489.8815 55.0000
15490.1316 11.0000
15490.3816 33.0000
15490.6318 44.0000
15490.8819 55.0000
15491.1319 11.0000
15491.3815 44.0000
15491.6315 22.0000
15491.8815 55.0000
15492.1321 22.0000
15492.3816 44.0000
15492.6321 33.0000
15492.8815 11.0000
15493.1315 66.0000
15493.3816 22.0000
15493.6327 66.0000
15493.8815 55.0000
15494.1319 11.0000
15494.3816 66.0000
15494.6317 11.0000
15494.8816 44.0000
15495.1316 22.0000
15495.3816 33.0000
15495.6316 66.0000
15495.8815 55.0000
15496.1315 11.0000
15496.3816 55.0000
15496.6315 11.0000
15496.8815 22.0000
15497.1315 66.0000
15497.3816 11.0000
15497.6315 44.0000
15497.8814 55.0000
15498.1315 11.0000
15498.3816 33.0000
15498.6315 44.0000
15498.8816 22.0000
15499.1317 55.0000
15499.3820 66.0000
15499.6316 44.0000
15499.8816 33.0000
15500.1320 11.0000
15500.3816 44.0000
15500.6317 55.0000
15500.8815 44.0000
15501.1315 55.0000
15501.3818 22.0000
15501.6316 66.0000
15501.8817 11.0000
15502.1321 44.0000
15502.3816 55.0000
15502.6317 44.0000
15502.8815 55.0000
15503.1315 33.0000
15503.3815 44.0000
15503.6315 33.0000
15503.8815 22.0000
15504.1316 11.0000
15504.3815 66.0000
15504.6315 11.0000
15504.8816 33.0000
15505.1323 66.0000
15505.3820 22.0000
15505.6315 33.0000
15505.8816 22.0000
15506.1315 44.0000
15506.3817 33.0000
15506.6315 11.0000
15506.8815 55.0000
15507.1315 33.0000
15507.3815 55.0000
15507.6317 44.0000
15507.8815 22.0000
15508.1315 66.0000
15508.3815 44.0000
15508.6315 22.0000
15508.8815 55.0000
15509.1315 33.0000
15509.3816 22.0000
15509.6315 66.0000
15509.8819 44.0000
15510.1316 55.0000
15510.3815 33.0000
15510.6328 11.0000
15510.8815 66.0000
15511.1324 22.0000
15511.3815 44.0000
15511.6315 55.0000
15511.8815 33.0000
15512.1325 66.0000
15512.3818 55.0000
15512.6315 33.0000
15512.8814 11.0000
15513.1315 55.0000
15513.3815 66.0000
15513.6315 55.0000
15513.8815 44.0000
15514.1316 55.0000
15514.3815 22.0000
15514.6319 55.0000
15514.8816 66.0000
15515.1319 11.0000
15515.3815 44.0000
15515.6314 66.0000
15515.8816 11.0000
15516.1315 22.0000
15516.3815 44.0000
15516.6315 55.0000
15516.8815 33.0000
15517.1316 11.0000
15517.3814 55.0000
15517.6315 33.0000
15517.8817 11.0000
15518.1315 55.0000
15518.3818 44.0000
15518.6314 11.0000
15518.8815 55.0000
15519.1315 66.0000
15519.3815 22.0000
15519.6317 11.0000
15519.8815 55.0000
15520.1315 66.0000
15520.3818 44.0000
15520.6315 66.0000
15520.8818 44.0000
15521.1315 33.0000
15521.3817 55.0000
15521.6315 44.0000
15521.8817 22.0000
15522.1315 66.0000
15522.3821 44.0000
15522.6314 66.0000
15522.8815 11.0000
15523.1319 33.0000
15523.3814 44.0000
15523.6315 11.0000
15523.8814 55.0000
15524.1314 66.0000
15524.3815 33.0000
15524.6318 55.0000
15524.8816 33.0000
15526.6154 888.0000
15530.4609 999.0000
