179499.4416 777.0000
179502.5123 11.0000
179502.7623 66.0000
179503.0123 22.0000
179503.2623 33.0000
179503.5123 22.0000
179503.7623 11.0000
179504.0123 55.0000
179504.2623 44.0000
179504.5133 55.0000
179504.7623 33.0000
179505.0122 22.0000
179505.2623 11.0000
179505.5123 33.0000
179505.7623 55.0000
179506.0125 11.0000
179506.2623 33.0000
179506.5127 11.0000
179506.7623 55.0000
179507.0128 66.0000
179507.2623 55.0000
179507.5127 11.0000
179507.7623 55.0000
179508.0125 11.0000
179508.2623 22.0000
179508.5122 66.0000
179508.7627 11.0000
179509.0128 22.0000
179509.2627 55.0000
179509.5122 66.0000
179509.7624 44.0000
179510.0123 66.0000
179510.2623 22.0000
179510.5122 66.0000
179510.7627 44.0000
179511.0123 66.0000
179511.2625 11.0000
179511.5122 22.0000
179511.7625 33.0000
179512.0123 11.0000
179512.2623 44.0000
179512.5123 33.0000
179512.7624 22.0000
179513.0123 55.0000
179513.2630 33.0000
179513.5122 22.0000
179513.7623 33.0000
179514.0123 55.0000
179514.2625 44.0000
179514.5123 22.0000
179514.7636 44.0000
179515.0123 66.0000
179515.2623 44.0000
179515.5122 22.0000
179515.7622 44.0000
179516.0125 33.0000
179516.2622 44.0000
179516.5123 22.0000
179516.7622 44.0000
179517.0123 33.0000
179517.2623 22.0000
179517.5123 33.0000
179517.7623 11.0000
179518.0129 33.0000
179518.2623 66.0000
179518.5123 11.0000
179518.7622 44.0000
179519.0123 66.0000
179519.2626 22.0000
179519.5123 66.0000
179519.7623 22.0000
179520.0122 44.0000
179520.2622 22.0000
179520.5125 55.0000
179520.7623 44.0000
179521.0125 66.0000
179521.2622 44.0000
179521.5123 66.0000
179521.7622 22.0000
179522.0123 66.0000
179522.2629 33.0000
179522.5123 66.0000
179522.7623 11.0000
179523.0122 22.0000
179523.2623 11.0000
179523.5127 44.0000
179523.7627 11.0000
179524.0123 22.0000
179524.2622 33.0000
179524.5124 55.0000
179524.7623 33.0000
179525.0255 11.0000
179525.2622 22.0000
179525.5122 66.0000
179525.7622 22.0000
179526.0122 33.0000
179526.2625 22.0000
179526.5126 55.0000
179526.7627 22.0000
179527.0123 44.0000
179527.2624 55.0000
179527.5123 22.0000
179527.7622 33.0000
179528.0125 44.0000
179528.2622 11.0000
179528.5123 22.0000
179528.7622 55.0000
179529.0123 22.0000
179529.2622 11.0000
179529.5127 22.0000
179529.7622 66.0000
179530.0120 22.0000
179530.2622 55.0000
179530.5122 66.0000
179530.7622 22.0000
179531.0124 66.0000
179531.2622 22.0000
179531.5130 55.0000
179531.7622 22.0000
179532.0123 11.0000
179532.2622 22.0000
179532.5122 66.0000
179532.7622 22.0000
179533.0122 44.0000
179533.2622 66.0000
179533.5122 55.0000
179533.7622 66.0000
179534.0130 44.0000
179534.2622 66.0000
179534.5122 33.0000
179534.7622 66.0000
179535.0122 33.0000
179535.2627 66.0000
179535.5122 55.0000
179535.7626 33.0000
179536.0121 66.0000
179536.2628 11.0000
179536.5122 44.0000
179536.7635 66.0000
179537.0122 33.0000
179537.2623 66.0000
179537.5122 44.0000
179537.7622 66.0000
179538.0122 33.0000
179538.2621 66.0000
179538.5122 22.0000
179538.7624 33.0000
179539.0121 44.0000
179539.2621 33.0000
179539.5123 22.0000
179539.7621 44.0000
179540.0128 66.0000
179540.2621 44.0000
179540.5121 22.0000
179540.7627 44.0000
179541.0121 11.0000
179541.2621 44.0000
179541.5121 66.0000
179541.7622 22.0000
179542.0126 33.0000
179542.2621 66.0000
179542.5121 33.0000
179542.7622 22.0000
179543.0121 66.0000
179543.2621 55.0000
179543.5123 22.0000
179543.7622 33.0000
179544.0121 66.0000
179544.2624 33.0000
179544.5121 55.0000
179544.7622 33.0000
179545.0121 55.0000
179545.2621 11.0000
179545.5121 22.0000
179545.7622 55.0000
179546.0121 11.0000
179546.2623 55.0000
179546.5122 11.0000
179546.7621 55.0000
179547.0121 22.0000
179547.2625 66.0000
179547.5122 33.0000
179547.7621 44.0000
179548.0128 66.0000
179548.2622 33.0000
179548.5122 11.0000
179548.7626 55.0000
179549.0121 66.0000
179549.2621 44.0000
179549.5121 55.0000
179549.7629 44.0000
179550.0121 55.0000
179550.2628 66.0000
179550.5121 44.0000
179550.7621 66.0000
179551.0121 44.0000
179551.2622 33.0000
179551.5121 22.0000
179551.7621 33.0000
179552.0121 44.0000
179552.2624 22.0000
179552.5121 55.0000
179552.7621 33.0000
179553.0121 55.0000
179553.2621 11.0000
179553.5123 44.0000
179553.7621 22.0000
179554.0121 55.0000
179554.2621 66.0000
179554.5121 22.0000
179554.7621 66.0000
179555.0121 55.0000
179555.2621 44.0000
179555.5123 66.0000
179555.7621 22.0000
179556.0121 33.0000
179556.2621 22.0000
179556.5121 55.0000
179556.7621 22.0000
179557.0121 66.0000
179557.2621 55.0000
179557.5121 44.0000
179557.7621 66.0000
179558.0121 33.0000
179558.2627 22.0000
179558.5121 33.0000
179558.7621 11.0000
179559.0125 22.0000
179559.2621 44.0000
179559.5120 22.0000
179559.7621 33.0000
179560.0122 55.0000
179560.2621 33.0000
179560.5121 11.0000
179560.7621 66.0000
179561.0121 11.0000
179561.2624 44.0000
179561.5128 11.0000
179561.7622 22.0000
179562.0121 11.0000
179562.2621 44.0000
179562.5121 11.0000
179562.7623 55.0000
179563.0123 11.0000
179563.2622 44.0000
179563.5120 11.0000
179563.7625 66.0000
179564.0120 55.0000
179564.2621 66.0000
179564.5120 55.0000
179564.7622 11.0000
179565.0121 33.0000
179565.2621 44.0000
179565.5121 66.0000
179565.7621 55.0000
179566.0120 44.0000
179566.2620 11.0000
179566.5121 44.0000
179566.7621 11.0000
179567.0122 44.0000
179567.2622 11.0000
179567.5121 44.0000
179567.7621 11.0000
179568.0121 44.0000
179568.2621 66.0000
179568.5120 11.0000
179568.7620 44.0000
179569.0121 11.0000
179569.2621 33.0000
179569.5126 44.0000
179569.7621 11.0000
179570.0121 44.0000
179570.2620 33.0000
179570.5121 11.0000
179570.7620 44.0000
179571.0121 22.0000
179571.2621 44.0000
179571.5120 55.0000
179571.7621 44.0000
179572.0125 22.0000
179572.2620 66.0000
179572.5123 11.0000
179572.7621 33.0000
179573.0120 11.0000
179573.2620 55.0000
179573.5120 33.0000
179573.7620 11.0000
179574.0122 33.0000
179574.2620 11.0000
179574.5120 33.0000
179574.7625 22.0000
179575.0122 11.0000
179575.2620 55.0000
179575.5120 11.0000
179575.7620 33.0000
179576.0120 11.0000
179576.2629 22.0000
179576.5120 33.0000
179576.7620 44.0000
179577.0120 22.0000
179577.2620 55.0000
179577.5120 11.0000
179577.7620 22.0000
179578.0120 33.0000
179578.2620 22.0000
179578.5120 44.0000
179578.7622 22.0000
179579.0124 66.0000
179579.2620 33.0000
179579.5124 66.0000
179579.7620 55.0000
179580.0121 11.0000
179580.2620 33.0000
179580.5126 66.0000
179580.7624 44.0000
179581.0121 33.0000
179581.2624 22.0000
179581.5120 44.0000
179581.7620 11.0000
179582.0120 22.0000
179582.2622 66.0000
179582.5128 22.0000
179582.7620 11.0000
179583.0120 33.0000
179583.2620 66.0000
179583.5120 11.0000
179583.7620 33.0000
179584.0120 66.0000
179584.2620 22.0000
179584.5120 55.0000
179584.7620 11.0000
179585.0120 44.0000
179585.2620 22.0000
179585.5129 44.0000
179585.7620 11.0000
179586.0121 22.0000
179586.2620 33.0000
179586.5121 55.0000
179586.7620 22.0000
179587.0120 11.0000
179587.2620 66.0000
179587.5119 11.0000
179587.7620 22.0000
179588.0120 33.0000
179588.2620 44.0000
179588.5120 55.0000
179588.7620 22.0000
179589.0121 55.0000
179589.2620 33.0000
179589.5120 44.0000
179589.7620 22.0000
179590.0120 66.0000
179590.2620 11.0000
179590.5120 44.0000
179590.7620 22.0000
179591.0125 44.0000
179591.2620 33.0000
179591.5120 66.0000
179591.7622 11.0000
179592.0122 44.0000
179592.2620 11.0000
179592.5130 44.0000
179592.7621 33.0000
179593.0120 66.0000
179593.2620 55.0000
179593.5120 44.0000
179593.7619 22.0000
179594.0120 66.0000
179594.2620 55.0000
179594.5120 66.0000
179594.7620 55.0000
179595.0120 11.0000
179595.2619 44.0000
179595.5155 66.0000
179595.7619 22.0000
179596.0120 33.0000
179596.2619 11.0000
179596.5119 55.0000
179596.7619 44.0000
179597.0119 66.0000
179597.2620 44.0000
179597.5120 11.0000
179597.7619 55.0000
179598.0121 66.0000
179598.2619 33.0000
179598.5128 11.0000
179598.7619 66.0000
179599.0120 44.0000
179599.2619 22.0000
179599.5120 55.0000
179599.7619 11.0000
179600.0120 66.0000
179600.2627 11.0000
179600.5120 55.0000
179600.7620 66.0000
179601.0119 55.0000
179601.2619 44.0000
179601.5126 33.0000
179601.7619 11.0000
179602.0119 44.0000
179602.2624 11.0000
179602.5123 33.0000
179602.7624 55.0000
179603.0119 11.0000
179603.2619 33.0000
179603.5118 11.0000
179603.7619 33.0000
179604.0119 55.0000
179604.2619 66.0000
179604.5118 55.0000
179604.7619 33.0000
179605.0121 11.0000
179605.2619 33.0000
179605.5129 66.0000
179605.7622 33.0000
179606.0125 11.0000
179606.2619 44.0000
179606.5122 11.0000
179606.7621 66.0000
179607.0121 22.0000
179607.2619 33.0000
179607.5119 11.0000
179607.7623 55.0000
179608.0119 11.0000
179608.2619 22.0000
179608.5119 44.0000
179608.7619 66.0000
179609.0120 11.0000
179609.2619 55.0000
179609.5120 11.0000
179609.7622 33.0000
179610.0119 22.0000
179610.2621 33.0000
179610.5119 11.0000
179610.7620 33.0000
179611.0119 55.0000
179611.2623 44.0000
179611.5119 11.0000
179611.7619 33.0000
179612.0121 44.0000
179612.2619 66.0000
179612.5119 55.0000
179612.7619 66.0000
179613.0118 33.0000
179613.2619 44.0000
179613.5119 22.0000
179613.7619 66.0000
179614.0119 11.0000
179614.2619 33.0000
179614.5119 44.0000
179614.7621 22.0000
179615.0119 55.0000
179615.2619 33.0000
179615.5119 11.0000
179615.7619 55.0000
179616.0129 66.0000
179616.2619 55.0000
179616.5119 44.0000
179616.7619 22.0000
179617.0119 66.0000
179617.2619 22.0000
179617.5119 33.0000
179617.7619 22.0000
179618.0119 33.0000
179618.2618 44.0000
179618.5118 55.0000
179618.7619 44.0000
179619.0119 33.0000
179619.2619 55.0000
179619.5119 22.0000
179619.7619 44.0000
179620.0121 22.0000
179620.2621 55.0000
179620.5119 11.0000
179620.7618 44.0000
179621.0122 33.0000
179621.2619 66.0000
179621.5122 55.0000
179621.7620 44.0000
179622.0119 11.0000
179622.2621 44.0000
179622.5118 66.0000
179622.7618 44.0000
179623.0118 55.0000
179623.2618 44.0000
179623.5119 33.0000
179623.7618 44.0000
179624.0125 66.0000
179624.2619 22.0000
179624.5118 66.0000
179624.7618 44.0000
179625.0119 55.0000
179625.2619 33.0000
179625.5119 22.0000
179625.7619 55.0000
179626.0118 22.0000
179626.2621 44.0000
179626.5119 11.0000
179626.7619 22.0000
179627.0120 55.0000
179627.2618 44.0000
179627.5119 22.0000
179627.7621 66.0000
179628.0118 55.0000
179628.2619 44.0000
179628.5119 11.0000
179628.7618 66.0000
179629.0119 11.0000
179629.2619 33.0000
179629.5121 44.0000
179629.7618 22.0000
179630.0118 11.0000
179630.2619 55.0000
179630.5119 22.0000
179630.7619 66.0000
179631.0119 44.0000
179631.2619 55.0000
179631.5118 11.0000
179631.7621 22.0000
179632.0120 11.0000
179632.2619 44.0000
179632.5118 22.0000
179632.7624 44.0000
179633.0118 66.0000
179633.2618 33.0000
179633.5118 22.0000
179633.7618 66.0000
179634.0118 33.0000
179634.2618 22.0000
179634.5120 55.0000
179634.7619 11.0000
179635.0118 22.0000
179635.2618 55.0000
179635.5118 11.0000
179635.7620 55.0000
179636.0118 33.0000
179636.2619 11.0000
179636.5118 55.0000
179636.7619 33.0000
179637.0118 11.0000
179637.2618 66.0000
179637.5118 55.0000
179637.7618 44.0000
179638.0118 22.0000
179638.2617 55.0000
179638.5118 22.0000
179638.7618 44.0000
179639.0118 66.0000
179639.2620 22.0000
179639.5118 44.0000
179639.7618 33.0000
179640.0118 22.0000
179640.2618 66.0000
179640.5118 11.0000
179640.7622 66.0000
179641.0118 22.0000
179641.2618 55.0000
179641.5123 22.0000
179641.7618 55.0000
179642.0118 11.0000
179642.2617 66.0000
179642.5118 22.0000
179642.7624 33.0000
179643.0117 11.0000
179643.2617 55.0000
179643.5118 11.0000
179643.7619 55.0000
179644.0118 44.0000
179644.2618 66.0000
179644.5120 44.0000
179644.7618 66.0000
179645.0118 33.0000
179645.2618 66.0000
179645.5118 55.0000
179645.7618 44.0000
179646.0120 11.0000
179646.2617 55.0000
179646.5127 22.0000
179646.7618 33.0000
179647.0118 11.0000
179647.2618 44.0000
179647.5118 33.0000
179647.7618 22.0000
179648.0120 33.0000
179648.2618 44.0000
179648.5117 22.0000
179648.7618 55.0000
179649.0120 11.0000
179649.2619 66.0000
179649.5117 44.0000
179649.7618 11.0000
179650.0122 22.0000
179650.2617 66.0000
179650.5117 33.0000
179650.7619 55.0000
179651.0117 44.0000
179651.2618 33.0000
179651.5117 55.0000
179651.7617 11.0000
179652.0117 44.0000
179652.2624 11.0000
179652.5118 66.0000
179652.7618 44.0000
179653.0117 66.0000
179653.2618 33.0000
179653.5118 44.0000
179653.7620 66.0000
179654.0117 11.0000
179654.2620 66.0000
179654.5120 55.0000
179654.7617 11.0000
179655.0117 55.0000
179655.2617 11.0000
179655.5118 22.0000
179655.7618 33.0000
179656.0119 44.0000
179656.2617 11.0000
179656.5123 66.0000
179656.7617 11.0000
179657.0117 55.0000
179657.2617 66.0000
179657.5119 55.0000
179657.7617 33.0000
179658.0117 22.0000
179658.2617 66.0000
179658.5122 33.0000
179658.7617 55.0000
179659.0118 22.0000
179659.2617 44.0000
179659.5117 66.0000
179659.7616 11.0000
179660.0117 22.0000
179660.2619 66.0000
179660.5117 44.0000
179660.7622 33.0000
179661.0118 55.0000
179661.2617 33.0000
179661.5117 11.0000
179661.7617 55.0000
179662.0120 11.0000
179662.2617 44.0000
179662.5117 55.0000
179662.7617 11.0000
179663.0118 44.0000
179663.2617 11.0000
179663.5117 55.0000
179663.7617 66.0000
179664.0119 22.0000
179664.2617 55.0000
179664.5119 33.0000
179664.7617 22.0000
179665.0118 66.0000
179665.2617 11.0000
179665.5118 55.0000
179665.7622 66.0000
179666.0117 44.0000
179666.2617 66.0000
179666.5118 22.0000
179666.7617 33.0000
179667.0118 11.0000
179667.2617 22.0000
179667.5122 44.0000
179667.7616 22.0000
179668.0118 66.0000
179668.2617 44.0000
179668.5127 66.0000
179668.7622 33.0000
179669.0118 44.0000
179669.2617 55.0000
179669.5117 22.0000
179669.7617 55.0000
179670.0123 11.0000
179670.2617 44.0000
179670.5119 22.0000
179670.7618 33.0000
179671.0118 44.0000
179671.2617 55.0000
179671.5118 22.0000
179671.7617 11.0000
179672.0121 33.0000
179672.2617 22.0000
179672.5118 44.0000
179672.7617 33.0000
179673.0117 66.0000
179673.2616 33.0000
179673.5117 22.0000
179673.7616 11.0000
179674.0117 22.0000
179674.2617 66.0000
179674.5117 22.0000
179674.7617 66.0000
179675.0118 11.0000
179675.2617 44.0000
179675.5117 22.0000
179675.7619 55.0000
179676.0117 44.0000
179676.2616 11.0000
179676.5121 22.0000
179676.7617 33.0000
179677.0117 66.0000
179677.2616 11.0000
179677.5117 66.0000
179677.7617 33.0000
179678.0117 44.0000
179678.2616 66.0000
179678.5116 55.0000
179678.7616 11.0000
179679.0121 22.0000
179679.2617 44.0000
179679.5118 11.0000
179679.7616 33.0000
179680.0118 44.0000
179680.2617 55.0000
179680.5121 22.0000
179680.7616 33.0000
179681.0116 11.0000
179681.2616 55.0000
179681.5116 11.0000
179681.7616 33.0000
179682.0116 66.0000
179682.2616 11.0000
179682.5117 22.0000
179682.7616 44.0000
179683.0116 55.0000
179683.2616 11.0000
179683.5117 66.0000
179683.7617 33.0000
179684.0116 66.0000
179684.2616 11.0000
179684.5116 55.0000
179684.7619 11.0000
179685.0116 55.0000
179685.2616 22.0000
179685.5117 66.0000
179685.7616 55.0000
179686.0116 33.0000
179686.2616 55.0000
179686.5123 22.0000
179686.7616 44.0000
179687.0116 22.0000
179687.2616 55.0000
179687.5116 22.0000
179687.7616 66.0000
179688.0119 44.0000
179688.2616 66.0000
179688.5123 11.0000
179688.7618 44.0000
179689.0116 33.0000
179689.2618 44.0000
179689.5122 11.0000
179689.7616 22.0000
179690.0116 44.0000
179690.2616 33.0000
179690.5116 55.0000
179690.7616 33.0000
179691.0117 11.0000
179691.2617 66.0000
179691.5116 33.0000
179691.7616 11.0000
179692.0116 33.0000
179692.2616 44.0000
179692.5120 66.0000
179692.7617 55.0000
179693.0116 66.0000
179693.2616 33.0000
179693.5117 66.0000
179693.7621 44.0000
179694.0121 66.0000
179694.2616 55.0000
179694.5118 11.0000
179694.7616 55.0000
179695.0116 22.0000
179695.2618 55.0000
179695.5116 44.0000
179695.7618 66.0000
179696.0123 44.0000
179696.2617 11.0000
179696.5116 55.0000
179696.7619 22.0000
179697.0116 55.0000
179697.2616 66.0000
179697.5116 22.0000
179697.7616 66.0000
179698.0118 33.0000
179698.2618 55.0000
179698.5116 22.0000
179698.7616 11.0000
179699.0116 33.0000
179699.2616 22.0000
179699.5116 44.0000
179699.7616 66.0000
179700.0116 55.0000
179700.2616 11.0000
179700.5118 22.0000
179700.7616 33.0000
179701.0116 22.0000
179701.2617 44.0000
179701.5121 66.0000
179701.7616 55.0000
179702.0116 44.0000
179702.2616 55.0000
179702.5116 44.0000
179702.7616 11.0000
179703.0116 55.0000
179703.2622 44.0000
179703.5116 11.0000
179703.7616 66.0000
179704.0116 55.0000
179704.2619 22.0000
179704.5117 55.0000
179704.7616 11.0000
179705.0116 55.0000
179705.2616 44.0000
179705.5116 66.0000
179705.7620 55.0000
179706.0122 33.0000
179706.2617 22.0000
179706.5115 44.0000
179706.7616 33.0000
179707.0117 11.0000
179707.2616 66.0000
179707.5116 22.0000
179707.7619 55.0000
179708.0116 22.0000
179708.2617 66.0000
179708.5116 44.0000
179708.7616 11.0000
179709.0118 55.0000
179709.2616 66.0000
179709.5116 33.0000
179709.7616 66.0000
179710.0117 55.0000
179710.2616 66.0000
179710.5115 55.0000
179710.7616 11.0000
179711.0116 33.0000
179711.2615 66.0000
179711.5115 44.0000
179711.7615 22.0000
179712.0116 33.0000
179712.2615 55.0000
179712.5121 33.0000
179712.7616 55.0000
179713.0115 33.0000
179713.2616 66.0000
179713.5115 55.0000
179713.7616 33.0000
179714.0116 11.0000
179714.2615 33.0000
179714.5115 55.0000
179714.7615 11.0000
179715.0115 44.0000
179715.2615 11.0000
179715.5115 44.0000
179715.7619 55.0000
179716.0116 22.0000
179716.2615 55.0000
179716.5115 11.0000
179716.7615 66.0000
179717.0115 44.0000
179717.2616 55.0000
179717.5115 44.0000
179717.7618 66.0000
179718.0116 33.0000
179718.2617 22.0000
179718.5117 33.0000
179718.7615 66.0000
179719.0115 22.0000
179719.2615 33.0000
179719.5125 55.0000
179719.7616 44.0000
179720.0114 11.0000
179720.2616 22.0000
179720.5115 11.0000
179720.7615 22.0000
179721.0115 66.0000
179721.2615 22.0000
179721.5115 66.0000
179721.7615 33.0000
179722.0115 22.0000
179722.2615 44.0000
179722.5115 55.0000
179722.7616 33.0000
179723.0117 55.0000
179723.2615 22.0000
179723.5118 66.0000
179723.7620 11.0000
179724.0115 22.0000
179724.2615 33.0000
179724.5115 11.0000
179724.7615 33.0000
179725.0118 66.0000
179725.2615 11.0000
179725.5115 66.0000
179725.7615 55.0000
179726.0116 11.0000
179726.2615 44.0000
179726.5115 22.0000
179726.7615 33.0000
179727.0115 55.0000
179727.2615 33.0000
179727.5115 11.0000
179727.7615 44.0000
179728.0119 22.0000
179728.2615 44.0000
179728.5115 33.0000
179728.7615 11.0000
179729.0115 55.0000
179729.2617 44.0000
179729.5115 33.0000
179729.7615 22.0000
179730.0115 33.0000
179730.2615 22.0000
179730.5115 33.0000
179730.7615 55.0000
179731.0119 66.0000
179731.2615 55.0000
179731.5115 22.0000
179731.7615 44.0000
179732.0115 66.0000
179732.2615 44.0000
179732.5116 33.0000
179732.7615 11.0000
179733.0115 55.0000
179733.2615 66.0000
179733.5115 33.0000
179733.7615 55.0000
179734.0115 33.0000
179734.2615 44.0000
179734.5115 11.0000
179734.7615 22.0000
179735.0115 33.0000
179735.2615 44.0000
179735.5115 33.0000
179735.7615 66.0000
179736.0115 22.0000
179736.2615 55.0000
179736.5115 22.0000
179736.7617 44.0000
179737.0119 55.0000
179737.2616 11.0000
179737.5115 22.0000
179737.7615 55.0000
179738.0117 22.0000
179738.2615 44.0000
179738.5115 22.0000
179738.7616 55.0000
179739.0115 66.0000
179739.2615 22.0000
179739.5116 33.0000
179739.7619 55.0000
179740.0115 33.0000
179740.2619 44.0000
179740.5118 55.0000
179740.7621 11.0000
179741.0115 66.0000
179741.2617 55.0000
179741.5117 66.0000
179741.7617 44.0000
179742.0115 22.0000
179742.2619 11.0000
179742.5117 66.0000
179742.7617 33.0000
179743.0115 66.0000
179743.2614 55.0000
179743.5115 44.0000
179743.7614 33.0000
179744.0117 22.0000
179744.2614 33.0000
179744.5115 55.0000
179744.7617 11.0000
179745.0117 55.0000
179745.2614 33.0000
179745.5114 22.0000
179745.7624 11.0000
179746.0114 55.0000
179746.2614 33.0000
179746.5119 44.0000
179746.7614 33.0000
179747.0116 55.0000
179747.2615 22.0000
179747.5114 44.0000
179747.7614 33.0000
179748.0114 22.0000
179748.2614 66.0000
179748.5114 33.0000
179748.7615 66.0000
179749.0114 44.0000
179749.2614 33.0000
179749.5114 11.0000
179749.7615 22.0000
179750.0114 66.0000
179750.2616 33.0000
179750.5118 44.0000
179750.7614 11.0000
179751.0114 22.0000
179751.2614 44.0000
179751.5117 55.0000
179751.7615 22.0000
179752.0114 44.0000
179752.2614 33.0000
179752.5114 55.0000
179752.7615 22.0000
179753.0114 33.0000
179753.2614 11.0000
179753.5114 22.0000
179753.7614 66.0000
179754.0116 33.0000
179754.2614 11.0000
179754.5114 55.0000
179754.7614 33.0000
179755.0114 11.0000
179755.2617 44.0000
179755.5114 66.0000
179755.7620 33.0000
179756.0114 66.0000
179756.2614 33.0000
179756.5115 22.0000
179756.7614 11.0000
179757.0114 66.0000
179757.2614 33.0000
179757.5123 44.0000
179757.7614 22.0000
179758.0123 44.0000
179758.2621 55.0000
179758.5116 33.0000
179758.7617 11.0000
179759.0116 66.0000
179759.2614 11.0000
179759.5114 66.0000
179759.7617 44.0000
179760.0114 55.0000
179760.2621 22.0000
179760.5116 33.0000
179760.7621 22.0000
179761.0115 44.0000
179761.2616 55.0000
179761.5114 66.0000
179761.7619 44.0000
179762.0114 22.0000
179762.2614 33.0000
179762.5114 22.0000
179762.7621 33.0000
179763.0116 11.0000
179763.2617 22.0000
179763.5114 33.0000
179763.7624 11.0000
179764.0121 22.0000
179764.2613 55.0000
179764.5117 66.0000
179764.7632 33.0000
179765.0114 55.0000
179765.2618 22.0000
179765.5114 44.0000
179765.7614 66.0000
179766.0114 44.0000
179766.2614 66.0000
179766.5116 33.0000
179766.7613 22.0000
179767.0113 11.0000
179767.2614 66.0000
179767.5119 11.0000
179767.7614 44.0000
179768.0114 66.0000
179768.2613 11.0000
179768.5115 44.0000
179768.7614 55.0000
179769.0114 22.0000
179769.2614 44.0000
179769.5120 33.0000
179769.7614 22.0000
179770.0114 33.0000
179770.2614 44.0000
179770.5114 55.0000
179770.7614 66.0000
179771.0116 44.0000
179771.2614 11.0000
179771.5114 44.0000
179771.7616 11.0000
179772.0116 33.0000
179772.2614 66.0000
179772.5114 11.0000
179772.7614 33.0000
179773.0113 66.0000
179773.2614 22.0000
179773.5113 66.0000
179773.7613 22.0000
179774.0114 44.0000
179774.2620 22.0000
179774.5113 55.0000
179774.7615 44.0000
179775.0114 66.0000
179775.2613 55.0000
179775.5114 66.0000
179775.7614 22.0000
179776.0113 33.0000
179776.2613 44.0000
179776.5114 55.0000
179776.7614 33.0000
179777.0122 11.0000
179777.2614 33.0000
179777.5113 55.0000
179777.7614 22.0000
179778.0118 44.0000
179778.2614 33.0000
179778.5113 22.0000
179778.7616 11.0000
179779.0113 33.0000
179779.2615 11.0000
179779.5135 44.0000
179779.7613 66.0000
179780.0114 44.0000
179780.2613 66.0000
179780.5113 22.0000
179780.7613 55.0000
179781.0113 11.0000
179781.2613 33.0000
179781.5113 44.0000
179781.7615 33.0000
179782.0113 55.0000
179782.2613 33.0000
179782.5116 55.0000
179782.7613 66.0000
179783.0113 44.0000
179783.2613 66.0000
179783.5114 22.0000
179783.7613 55.0000
179784.0113 11.0000
179784.2613 22.0000
179784.5113 33.0000
179784.7613 66.0000
179785.0113 55.0000
179785.2614 44.0000
179785.5116 66.0000
179785.7613 55.0000
179786.0113 33.0000
179786.2613 11.0000
179786.5113 33.0000
179786.7618 44.0000
179787.0113 55.0000
179787.2622 66.0000
179787.5116 33.0000
179787.7613 66.0000
179788.0113 33.0000
179788.2613 22.0000
179788.5113 11.0000
179788.7613 22.0000
179789.0113 33.0000
179789.2613 66.0000
179789.5113 11.0000
179789.7616 44.0000
179790.0113 33.0000
179790.2613 55.0000
179790.5114 66.0000
179790.7613 55.0000
179791.0113 11.0000
179791.2613 44.0000
179791.5113 55.0000
179791.7613 66.0000
179792.0116 11.0000
179792.2613 44.0000
179792.5113 33.0000
179792.7613 55.0000
179793.0114 11.0000
179793.2613 22.0000
179793.5113 11.0000
179793.7613 66.0000
179794.0113 22.0000
179794.2613 44.0000
179794.5113 11.0000
179794.7613 55.0000
179795.0117 22.0000
179795.2613 44.0000
179795.5112 55.0000
179795.7615 66.0000
179796.0113 22.0000
179796.2612 66.0000
179796.5113 33.0000
179796.7612 11.0000
179797.0115 33.0000
179797.2613 22.0000
179797.5113 44.0000
179797.7612 33.0000
179798.0113 66.0000
179798.2612 33.0000
179798.5118 11.0000
179798.7613 22.0000
179799.0113 33.0000
179799.2613 22.0000
179799.5112 33.0000
179799.7613 11.0000
179800.0112 22.0000
179800.2613 66.0000
179800.5112 44.0000
179800.7613 11.0000
179801.0119 66.0000
179801.2613 11.0000
179801.5112 44.0000
179801.7613 55.0000
179802.0114 22.0000
179802.2613 44.0000
179802.5114 66.0000
179802.7613 11.0000
179803.0113 33.0000
179803.2613 22.0000
179803.5112 66.0000
179803.7613 11.0000
179804.0115 55.0000
179804.2615 11.0000
179804.5113 44.0000
179804.7613 22.0000
179805.0112 66.0000
179805.2613 44.0000
179805.5113 22.0000
179805.7613 33.0000
179806.0113 44.0000
179806.2612 33.0000
179806.5116 55.0000
179806.7612 11.0000
179807.0111 22.0000
179807.2612 44.0000
179807.5114 55.0000
179807.7612 66.0000
179808.0113 33.0000
179808.2613 66.0000
179808.5118 11.0000
179808.7612 55.0000
179809.0112 44.0000
179809.2612 22.0000
179809.5113 66.0000
179809.7612 11.0000
179810.0112 22.0000
179810.2612 44.0000
179810.5112 55.0000
179810.7614 44.0000
179811.0115 11.0000
179811.2614 55.0000
179811.5112 11.0000
179811.7612 22.0000
179812.0112 44.0000
179812.2612 66.0000
179812.5113 11.0000
179812.7612 33.0000
179813.0114 55.0000
179813.2614 66.0000
179813.5112 44.0000
179813.7612 66.0000
179814.0117 22.0000
179814.2614 55.0000
179814.5114 11.0000
179814.7612 55.0000
179815.0113 33.0000
179815.2614 66.0000
179815.5113 33.0000
179815.7612 55.0000
179816.0113 22.0000
179816.2612 66.0000
179816.5113 33.0000
179816.7612 55.0000
179817.0116 44.0000
179817.2612 22.0000
179817.5112 11.0000
179817.7613 66.0000
179818.0112 55.0000
179818.2612 33.0000
179818.5112 44.0000
179818.7612 22.0000
179819.0112 55.0000
179819.2612 22.0000
179819.5114 55.0000
179819.7612 11.0000
179820.0112 22.0000
179820.2612 33.0000
179820.5112 11.0000
179820.7613 66.0000
179821.0112 44.0000
179821.2612 33.0000
179821.5112 44.0000
179821.7614 33.0000
179822.0111 55.0000
179822.2612 33.0000
179822.5112 44.0000
179822.7614 66.0000
179823.0112 55.0000
179823.2612 22.0000
179823.5112 66.0000
179823.7612 11.0000
179824.0112 33.0000
179824.2616 44.0000
179824.5112 55.0000
179824.7615 22.0000
179825.0111 33.0000
179825.2612 55.0000
179825.5112 11.0000
179825.7616 33.0000
179826.0115 22.0000
179826.2617 55.0000
179826.5112 33.0000
179826.7612 22.0000
179827.0110 44.0000
179827.2614 33.0000
179827.5119 11.0000
179827.7612 44.0000
179828.0112 66.0000
179828.2612 55.0000
179828.5111 33.0000
179828.7612 11.0000
179829.0112 66.0000
179829.2612 55.0000
179829.5112 44.0000
179829.7611 11.0000
179830.0112 44.0000
179830.2614 11.0000
179830.5112 44.0000
179830.7611 22.0000
179831.0112 66.0000
179831.2613 33.0000
179831.5112 44.0000
179831.7616 55.0000
179832.0111 22.0000
179832.2611 33.0000
179832.5118 66.0000
179832.7613 33.0000
179833.0112 22.0000
179833.2613 66.0000
179833.5111 22.0000
179833.7611 33.0000
179834.0111 66.0000
179834.2612 33.0000
179834.5111 22.0000
179834.7611 33.0000
179835.0112 44.0000
179835.2614 22.0000
179835.5112 11.0000
179835.7611 66.0000
179836.0112 44.0000
179836.2613 11.0000
179836.5113 44.0000
179836.7611 33.0000
179837.0111 55.0000
179837.2611 66.0000
179837.5111 11.0000
179837.7616 44.0000
179838.0111 11.0000
179838.2611 44.0000
179838.5111 22.0000
179838.7612 11.0000
179839.0111 66.0000
179839.2612 44.0000
179839.5114 55.0000
179839.7613 66.0000
179840.0111 33.0000
179840.2612 22.0000
179840.5115 55.0000
179840.7614 44.0000
179841.0111 22.0000
179841.2620 44.0000
179841.5118 22.0000
179841.7613 33.0000
179842.0111 66.0000
179842.2612 33.0000
179842.5113 55.0000
179842.7611 44.0000
179843.0115 33.0000
179843.2611 44.0000
179843.5111 22.0000
179843.7611 33.0000
179844.0111 11.0000
179844.2611 66.0000
179844.5111 11.0000
179844.7613 22.0000
179845.0115 33.0000
179845.2611 44.0000
179845.5111 55.0000
179845.7612 44.0000
179846.0111 33.0000
179846.2612 66.0000
179846.5111 44.0000
179846.7611 22.0000
179847.0113 44.0000
179847.2612 11.0000
179847.5111 66.0000
179847.7611 22.0000
179848.0111 55.0000
179848.2611 66.0000
179848.5111 22.0000
179848.7617 11.0000
179849.0111 33.0000
179849.2613 55.0000
179849.5111 44.0000
179849.7613 33.0000
179850.0111 55.0000
179850.2612 22.0000
179850.5111 33.0000
179850.7611 44.0000
179851.0111 55.0000
179851.2612 44.0000
179851.5120 33.0000
179851.7611 11.0000
179852.0113 22.0000
179852.2610 55.0000
179852.5114 11.0000
179852.7611 55.0000
179853.0112 66.0000
179853.2611 44.0000
179853.5111 11.0000
179853.7611 55.0000
179854.0113 22.0000
179854.2613 55.0000
179854.5111 22.0000
179854.7613 66.0000
179855.0114 44.0000
179855.2611 55.0000
179855.5111 11.0000
179855.7616 33.0000
179856.0112 66.0000
179856.2611 55.0000
179856.5111 44.0000
179856.7611 11.0000
179857.0111 33.0000
179857.2614 22.0000
179857.5113 44.0000
179857.7611 66.0000
179858.0113 22.0000
179858.2610 66.0000
179858.5113 55.0000
179858.7611 66.0000
179859.0111 11.0000
179859.2611 44.0000
179859.5111 11.0000
179859.7612 55.0000
179860.0111 11.0000
179860.2612 55.0000
179860.5113 66.0000
179860.7610 55.0000
179861.0110 44.0000
179861.2612 66.0000
179861.5110 22.0000
179861.7610 66.0000
179862.0110 11.0000
179862.2613 22.0000
179862.5110 11.0000
179862.7610 66.0000
179863.0111 55.0000
179863.2610 44.0000
179863.5110 22.0000
179863.7611 66.0000
179864.0112 44.0000
179864.2611 55.0000
179864.5110 11.0000
179864.7610 66.0000
179865.0110 11.0000
179865.2610 66.0000
179865.5111 33.0000
179865.7611 66.0000
179866.0110 33.0000
179866.2610 11.0000
179866.5111 33.0000
179866.7615 55.0000
179867.0110 11.0000
179867.2610 22.0000
179867.5110 55.0000
179867.7610 22.0000
179868.0110 55.0000
179868.2613 11.0000
179868.5110 66.0000
179868.7610 33.0000
179869.0110 22.0000
179869.2610 66.0000
179869.5110 55.0000
179869.7610 66.0000
179870.0110 22.0000
179870.2610 55.0000
179870.5110 33.0000
179870.7610 55.0000
179871.0110 11.0000
179871.2610 55.0000
179871.5110 22.0000
179871.7610 44.0000
179872.0110 66.0000
179872.2617 22.0000
179872.5113 44.0000
179872.7616 22.0000
179873.0112 66.0000
179873.2610 33.0000
179873.5110 55.0000
179873.7610 33.0000
179874.0119 44.0000
179874.2610 66.0000
179874.5111 55.0000
179874.7610 44.0000
179875.0112 66.0000
179875.2610 11.0000
179875.5111 44.0000
179875.7610 22.0000
179876.0110 66.0000
179876.2611 22.0000
179876.5114 55.0000
179876.7610 44.0000
179877.0110 33.0000
179877.2610 11.0000
179877.5110 33.0000
179877.7610 22.0000
179878.0110 55.0000
179878.2612 11.0000
179878.5110 55.0000
179878.7611 66.0000
179879.0110 55.0000
179879.2610 22.0000
179879.5117 66.0000
179879.7610 22.0000
179880.0116 44.0000
179880.2612 55.0000
179880.5110 33.0000
179880.7612 44.0000
179881.0113 55.0000
179881.2610 44.0000
179881.5112 11.0000
179881.7610 66.0000
179882.0110 44.0000
179882.2610 55.0000
179882.5110 22.0000
179882.7612 44.0000
179883.0115 55.0000
179883.2610 33.0000
179883.5110 11.0000
179883.7609 22.0000
179884.0112 33.0000
179884.2612 44.0000
179884.5120 11.0000
179884.7610 22.0000
179885.0111 55.0000
179885.2613 22.0000
179885.5111 55.0000
179885.7610 44.0000
179886.0110 22.0000
179886.2612 55.0000
179886.5110 11.0000
179886.7610 66.0000
179887.0110 55.0000
179887.2610 11.0000
179887.5110 22.0000
179887.7609 11.0000
179888.0110 55.0000
179888.2611 66.0000
179888.5110 55.0000
179888.7610 33.0000
179889.0110 55.0000
179889.2611 66.0000
179889.5109 55.0000
179889.7613 33.0000
179890.0109 22.0000
179890.2610 33.0000
179890.5109 11.0000
179890.7608 44.0000
179891.0110 11.0000
179891.2610 22.0000
179891.5110 55.0000
179891.7609 22.0000
179892.0110 11.0000
179892.2610 55.0000
179892.5111 44.0000
179892.7609 55.0000
179893.0109 33.0000
179893.2610 11.0000
179893.5112 44.0000
179893.7610 33.0000
179894.0110 66.0000
179894.2610 22.0000
179894.5110 55.0000
179894.7610 44.0000
179895.0111 22.0000
179895.2611 66.0000
179895.5112 44.0000
179895.7610 55.0000
179896.0113 11.0000
179896.2611 44.0000
179896.5110 66.0000
179896.7610 44.0000
179897.0109 22.0000
179897.2609 55.0000
179897.5115 33.0000
179897.7609 66.0000
179898.0109 22.0000
179898.2609 33.0000
179898.5109 66.0000
179898.7609 33.0000
179899.0109 11.0000
179899.2609 33.0000
179899.5109 44.0000
179899.7609 11.0000
179900.0116 55.0000
179900.2610 66.0000
179900.5109 44.0000
179900.7609 33.0000
179901.0109 66.0000
179901.2612 33.0000
179901.5109 44.0000
179901.7608 22.0000
179902.0109 55.0000
179902.2614 22.0000
179902.5109 66.0000
179902.7609 33.0000
179903.0109 66.0000
179903.2609 33.0000
179903.5109 66.0000
179903.7609 44.0000
179904.0110 66.0000
179904.2609 11.0000
179904.5109 44.0000
179904.7609 11.0000
179905.0109 33.0000
179905.2609 66.0000
179905.5109 11.0000
179905.7609 44.0000
179906.0109 66.0000
179906.2609 44.0000
179906.5109 66.0000
179906.7609 11.0000
179907.0109 22.0000
179907.2610 11.0000
179907.5109 22.0000
179907.7610 55.0000
179908.0109 44.0000
179908.2611 55.0000
179908.5109 33.0000
179908.7609 22.0000
179909.0109 33.0000
179909.2609 11.0000
179909.5109 66.0000
179909.7609 11.0000
179910.0109 33.0000
179910.2609 55.0000
179910.5109 66.0000
179910.7610 11.0000
179911.0109 33.0000
179911.2609 44.0000
179911.5109 33.0000
179911.7609 11.0000
179912.0109 66.0000
179912.2610 22.0000
179912.5109 66.0000
179912.7609 22.0000
179913.0109 33.0000
179913.2609 66.0000
179913.5109 55.0000
179913.7609 44.0000
179914.0109 22.0000
179914.2610 66.0000
179914.5109 44.0000
179914.7609 11.0000
179915.0109 44.0000
179915.2609 11.0000
179915.5109 44.0000
179915.7609 22.0000
179916.0109 33.0000
179916.2610 22.0000
179916.5111 66.0000
179916.7610 44.0000
179917.0108 22.0000
179917.2609 55.0000
179917.5109 11.0000
179917.7609 55.0000
179918.0109 11.0000
179918.2614 22.0000
179918.5116 11.0000
179918.7609 55.0000
179919.0116 66.0000
179919.2609 11.0000
179919.5109 33.0000
179919.7609 22.0000
179920.0109 55.0000
179920.2616 44.0000
179920.5109 55.0000
179920.7609 66.0000
179921.0109 33.0000
179921.2609 11.0000
179921.5109 55.0000
179921.7612 11.0000
179922.0108 66.0000
179922.2609 33.0000
179922.5108 66.0000
179922.7608 11.0000
179923.0108 33.0000
179923.2609 22.0000
179923.5109 44.0000
179923.7609 22.0000
179924.0108 33.0000
179924.2609 11.0000
179924.5109 66.0000
179924.7608 33.0000
179925.0109 66.0000
179925.2609 11.0000
179925.5112 33.0000
179925.7609 44.0000
179926.0108 33.0000
179926.2608 66.0000
179926.5109 11.0000
179926.7607 66.0000
179927.0108 33.0000
179927.2608 44.0000
179927.5108 55.0000
179927.7607 11.0000
179928.0108 44.0000
179928.2609 66.0000
179928.5108 22.0000
179928.7617 55.0000
179929.0110 11.0000
179929.2610 66.0000
179929.5111 44.0000
179929.7608 55.0000
179930.0109 66.0000
179930.2611 11.0000
179930.5108 44.0000
179930.7610 66.0000
179931.0108 44.0000
179931.2610 55.0000
179931.5111 22.0000
179931.7608 55.0000
179932.0109 11.0000
179932.2609 22.0000
179932.5109 33.0000
179932.7609 11.0000
179933.0108 66.0000
179933.2608 44.0000
179933.5108 11.0000
179933.7608 33.0000
179934.0114 11.0000
179934.2608 66.0000
179934.5108 55.0000
179934.7610 33.0000
179935.0108 55.0000
179935.2608 11.0000
179935.5108 22.0000
179935.7609 44.0000
179936.0108 22.0000
179936.2608 55.0000
179936.5108 11.0000
179936.7608 55.0000
179937.0108 33.0000
179937.2608 22.0000
179937.5112 33.0000
179937.7609 44.0000
179938.0108 66.0000
179938.2608 55.0000
179938.5108 11.0000
179938.7608 33.0000
179939.0108 11.0000
179939.2612 33.0000
179939.5111 55.0000
179939.7613 11.0000
179940.0111 44.0000
179940.2608 55.0000
179940.5108 22.0000
179940.7612 44.0000
179941.0108 11.0000
179941.2608 33.0000
179941.5109 55.0000
179941.7608 44.0000
179942.0108 55.0000
179942.2608 33.0000
179942.5118 22.0000
179942.7608 11.0000
179943.0108 33.0000
179943.2608 55.0000
179943.5110 66.0000
179943.7608 55.0000
179944.0108 44.0000
179944.2608 11.0000
179944.5108 66.0000
179944.7608 33.0000
179945.0108 22.0000
179945.2608 33.0000
179945.5108 66.0000
179945.7609 55.0000
179946.0109 33.0000
179946.2611 55.0000
179946.5113 11.0000
179946.7608 22.0000
179947.0108 66.0000
179947.2608 11.0000
179947.5109 55.0000
179947.7608 11.0000
179948.0108 55.0000
179948.2608 44.0000
179948.5108 11.0000
179948.7608 66.0000
179949.0108 11.0000
179949.2608 55.0000
179949.5108 33.0000
179949.7608 55.0000
179950.0108 66.0000
179950.2607 44.0000
179950.5109 33.0000
179950.7608 44.0000
179951.0108 66.0000
179951.2608 22.0000
179951.5108 44.0000
179951.7608 11.0000
179952.0109 66.0000
179952.2607 33.0000
179953.9946 888.0000
179965.9183 999.0000
