16634.3494 777.0000
16637.3944 55.0000
16637.6443 33.0000
16637.8945 11.0000
16638.1446 55.0000
16638.3954 22.0000
16638.6443 11.0000
16638.8944 55.0000
16639.1444 33.0000
16639.3943 44.0000
16639.6449 66.0000
16639.8944 55.0000
16640.1454 22.0000
16640.3946 66.0000
16640.6449 33.0000
16640.8944 22.0000
16641.1453 11.0000
16641.3956 22.0000
16641.6444 44.0000
16641.8951 22.0000
16642.1443 11.0000
16642.3944 55.0000
16642.6443 11.0000
16642.8944 33.0000
16643.1443 66.0000
16643.3944 55.0000
16643.6443 22.0000
16643.8944 33.0000
16644.1443 55.0000
16644.3943 11.0000
16644.6443 55.0000
16644.8945 44.0000
16645.1444 11.0000
16645.3943 33.0000
16645.6443 66.0000
16645.8944 55.0000
16646.1443 44.0000
16646.3943 55.0000
16646.6442 11.0000
16646.8943 55.0000
16647.1443 44.0000
16647.3943 55.0000
16647.6445 44.0000
16647.8954 55.0000
16648.1444 11.0000
16648.3944 55.0000
16648.6443 66.0000
16648.8944 55.0000
16649.1449 44.0000
16649.3944 33.0000
16649.6443 44.0000
16649.8943 55.0000
16650.1443 66.0000
16650.3943 11.0000
16650.6454 22.0000
16650.8943 66.0000
16651.1443 33.0000
16651.3943 44.0000
16651.6444 11.0000
16651.8948 66.0000
16652.1458 55.0000
16652.3943 11.0000
16652.6448 22.0000
16652.8943 66.0000
16653.1447 22.0000
16653.3943 33.0000
16653.6443 66.0000
16653.8943 44.0000
16654.1443 55.0000
16654.3943 33.0000
16654.6444 55.0000
16654.8947 22.0000
16655.1446 55.0000
16655.3945 44.0000
16655.6443 55.0000
16655.8943 22.0000
16656.1443 66.0000
16656.3946 22.0000
16656.6456 33.0000
16656.8943 66.0000
16657.1444 22.0000
16657.3943 33.0000
16657.6443 66.0000
16657.8951 44.0000
16658.1455 11.0000
16658.3943 33.0000
16658.6443 11.0000
16658.8943 55.0000
16659.1443 11.0000
16659.3943 22.0000
16659.6443 33.0000
16659.8943 55.0000
16660.1444 33.0000
16660.3945 66.0000
16660.6445 44.0000
16660.8943 66.0000
16661.1443 33.0000
16661.3949 44.0000
16661.6447 33.0000
16661.8943 66.0000
16662.1443 33.0000
16662.3956 44.0000
16662.6443 33.0000
16662.8944 66.0000
16663.1446 22.0000
16663.3945 33.0000
16663.6444 22.0000
16663.8943 44.0000
16664.1443 22.0000
16664.3942 66.0000
16664.6444 11.0000
16664.8943 55.0000
16665.1441 66.0000
16665.3945 44.0000
16665.6444 66.0000
16665.8942 22.0000
16666.1454 11.0000
16666.3943 33.0000
16666.6445 44.0000
16666.8945 66.0000
16667.1444 11.0000
16667.3945 44.0000
16667.6443 66.0000
16667.8942 44.0000
16668.1443 22.0000
16668.3941 11.0000
16668.6446 44.0000
16668.8943 11.0000
16669.1446 44.0000
16669.3942 22.0000
16669.6444 44.0000
16669.8943 22.0000
16670.1444 33.0000
16670.3944 22.0000
16670.6443 33.0000
16670.8949 11.0000
16671.1445 33.0000
16671.3947 22.0000
16671.6442 66.0000
16671.8942 33.0000
16672.1443 11.0000
16672.3942 22.0000
16672.6442 33.0000
16672.8943 55.0000
16673.1442 33.0000
16673.3942 66.0000
16673.6442 22.0000
16673.8942 11.0000
16674.1442 33.0000
16674.3942 22.0000
16674.6450 11.0000
16674.8945 33.0000
16675.1442 11.0000
16675.3942 22.0000
16675.6443 44.0000
16675.8947 55.0000
16676.1443 66.0000
16676.3942 44.0000
16676.6453 55.0000
16676.8943 11.0000
16677.1442 22.0000
16677.3942 66.0000
16677.6447 33.0000
16677.8942 66.0000
16678.1443 11.0000
16678.3942 44.0000
16678.6443 66.0000
16678.8944 11.0000
16679.1442 66.0000
16679.3949 22.0000
16679.6448 55.0000
16679.8943 66.0000
16680.1443 22.0000
16680.3942 44.0000
16680.6442 66.0000
16680.8944 55.0000
16681.1443 11.0000
16681.3942 44.0000
16681.6443 33.0000
16681.8942 44.0000
16682.1454 66.0000
16682.3942 11.0000
16682.6442 66.0000
16682.8942 44.0000
16683.1452 22.0000
16683.3942 44.0000
16683.6442 22.0000
16683.8942 33.0000
16684.1442 66.0000
16684.3942 44.0000
16684.6442 11.0000
16684.8944 55.0000
16685.1442 11.0000
16685.3943 22.0000
16685.6442 33.0000
16685.8942 66.0000
16686.1444 44.0000
16686.3942 66.0000
16686.6442 33.0000
16686.8942 66.0000
16687.1442 11.0000
16687.3942 44.0000
16687.6444 11.0000
16687.8944 66.0000
16688.1442 44.0000
16688.3945 55.0000
16688.6447 33.0000
16688.8942 22.0000
16689.1448 11.0000
16689.3942 66.0000
16689.6442 33.0000
16689.8943 44.0000
16690.1442 66.0000
16690.3941 55.0000
16690.6442 44.0000
16690.8942 11.0000
16691.1442 44.0000
16691.3942 66.0000
16691.6442 44.0000
16691.8942 66.0000
16692.1450 11.0000
16692.3942 66.0000
16692.6442 44.0000
16692.8951 55.0000
16693.1443 33.0000
16693.3942 55.0000
16693.6449 33.0000
16693.8942 22.0000
16694.1442 44.0000
16694.3943 33.0000
16694.6442 44.0000
16694.8943 11.0000
16695.1442 44.0000
16695.3942 55.0000
16695.6442 11.0000
16695.8942 55.0000
16696.1443 33.0000
16696.3942 55.0000
16696.6443 11.0000
16696.8941 22.0000
16697.1443 11.0000
16697.3943 66.0000
16697.6465 33.0000
16697.8942 44.0000
16698.1443 66.0000
16698.3942 11.0000
16698.6442 55.0000
16698.8953 11.0000
16699.1441 33.0000
16699.3941 22.0000
16699.6441 33.0000
16699.8942 66.0000
16700.1440 22.0000
16700.3941 66.0000
16700.6442 33.0000
16700.8940 22.0000
16701.1445 55.0000
16701.3942 33.0000
16701.6446 44.0000
16701.8942 55.0000
16702.1441 66.0000
16702.3943 11.0000
16702.6441 66.0000
16702.8941 22.0000
16703.1446 33.0000
16703.3944 66.0000
16703.6442 44.0000
16703.8942 66.0000
16704.1450 44.0000
16704.3941 66.0000
16704.6441 55.0000
16704.8941 44.0000
16705.1442 66.0000
16705.3942 11.0000
16705.6443 22.0000
16705.8942 33.0000
16706.1442 22.0000
16706.3949 55.0000
16706.6442 44.0000
16706.8943 55.0000
16707.1445 11.0000
16707.3941 22.0000
16707.6442 33.0000
16707.8941 55.0000
16708.1441 22.0000
16708.3943 11.0000
16708.6449 33.0000
16708.8954 55.0000
16709.1441 11.0000
16709.3942 22.0000
16709.6442 11.0000
16709.8942 44.0000
16710.1443 33.0000
16710.3944 22.0000
16710.6441 44.0000
16710.8941 11.0000
16711.1443 66.0000
16711.3943 55.0000
16711.6441 66.0000
16711.8945 44.0000
16712.1444 33.0000
16712.3953 22.0000
16712.6441 11.0000
16712.8942 44.0000
16713.1441 22.0000
16713.3942 11.0000
16713.6443 44.0000
16713.8941 55.0000
16714.1443 66.0000
16714.3951 44.0000
16714.6441 11.0000
16714.8943 66.0000
16715.1441 33.0000
16715.3942 11.0000
16715.6441 33.0000
16715.8943 22.0000
16716.1441 11.0000
16716.3941 55.0000
16716.6441 44.0000
16716.8940 33.0000
16717.1441 44.0000
16717.3944 33.0000
16717.6442 66.0000
16717.8944 22.0000
16718.1446 33.0000
16718.3941 55.0000
16718.6442 44.0000
16718.8941 33.0000
16719.1441 22.0000
16719.3944 33.0000
16719.6443 66.0000
16719.8941 22.0000
16720.1442 55.0000
16720.3941 22.0000
16720.6441 44.0000
16720.8944 55.0000
16721.1441 22.0000
16721.3954 66.0000
16721.6442 33.0000
16721.8941 11.0000
16722.1441 66.0000
16722.3948 44.0000
16722.6441 66.0000
16722.8941 22.0000
16723.1441 11.0000
16723.3941 33.0000
16723.6441 44.0000
16723.8943 22.0000
16724.1442 66.0000
16724.3943 44.0000
16724.6441 11.0000
16724.8944 22.0000
16725.1453 66.0000
16725.3941 22.0000
16725.6441 33.0000
16725.8941 55.0000
16726.1447 11.0000
16726.3941 55.0000
16726.6441 44.0000
16726.8940 33.0000
16727.1441 66.0000
16727.3940 44.0000
16727.6441 66.0000
16727.8941 55.0000
16728.1441 66.0000
16728.3947 33.0000
16728.6441 55.0000
16728.8941 11.0000
16729.1441 55.0000
16729.3948 44.0000
16729.6443 33.0000
16729.8943 22.0000
16730.1442 33.0000
16730.3940 11.0000
16730.6441 22.0000
16730.8940 11.0000
16731.1445 44.0000
16731.3941 66.0000
16731.6442 22.0000
16731.8941 11.0000
16732.1442 22.0000
16732.3941 33.0000
16732.6446 66.0000
16732.8941 55.0000
16733.1441 22.0000
16733.3952 33.0000
16733.6441 44.0000
16733.8940 33.0000
16734.1446 44.0000
16734.3942 55.0000
16734.6441 22.0000
16734.8941 55.0000
16735.1453 44.0000
16735.3941 11.0000
16735.6441 66.0000
16735.8945 22.0000
16736.1445 11.0000
16736.3940 22.0000
16736.6441 33.0000
16736.8940 55.0000
16737.1440 66.0000
16737.3941 33.0000
16737.6441 55.0000
16737.8952 66.0000
16738.1441 33.0000
16738.3943 22.0000
16738.6440 33.0000
16738.8939 55.0000
16739.1440 44.0000
16739.3941 11.0000
16739.6440 33.0000
16739.8943 55.0000
16740.1441 66.0000
16740.3940 44.0000
16740.6451 66.0000
16740.8949 22.0000
16741.1444 33.0000
16741.3940 11.0000
16741.6441 44.0000
16741.8940 33.0000
16742.1440 22.0000
16742.3951 66.0000
16742.6441 44.0000
16742.8940 22.0000
16743.1440 11.0000
16743.3941 55.0000
16743.6448 44.0000
16743.8941 22.0000
16744.1440 11.0000
16744.3940 33.0000
16744.6440 66.0000
16744.8947 22.0000
16745.1440 33.0000
16745.3954 22.0000
16745.6440 44.0000
16745.8940 33.0000
16746.1442 22.0000
16746.3940 66.0000
16746.6442 44.0000
16746.8943 55.0000
16747.1440 66.0000
16747.3940 55.0000
16747.6444 66.0000
16747.8940 33.0000
16748.1448 44.0000
16748.3943 55.0000
16748.6451 11.0000
16748.8941 33.0000
16749.1448 66.0000
16749.3940 33.0000
16749.6440 66.0000
16749.8949 11.0000
16750.1440 33.0000
16750.3940 44.0000
16750.6440 22.0000
16750.8941 55.0000
16751.1444 22.0000
16751.3940 66.0000
16751.6440 44.0000
16751.8940 33.0000
16752.1440 11.0000
16752.3940 66.0000
16752.6440 11.0000
16752.8952 55.0000
16753.1440 11.0000
16753.3940 44.0000
16753.6445 55.0000
16753.8940 11.0000
16754.1445 55.0000
16754.3940 22.0000
16754.6440 55.0000
16754.8940 66.0000
16755.1440 44.0000
16755.3945 66.0000
16755.6448 55.0000
16755.8951 22.0000
16756.1448 11.0000
16756.3940 55.0000
16756.6440 44.0000
16756.9022 22.0000
16757.1440 55.0000
16757.3940 22.0000
16757.6440 44.0000
16757.8941 55.0000
16758.1444 66.0000
16758.3940 11.0000
16758.6442 55.0000
16758.8940 66.0000
16759.1440 11.0000
16759.3940 33.0000
16759.6439 22.0000
16759.8940 33.0000
16760.1445 22.0000
16760.3938 55.0000
16760.6440 11.0000
16760.8941 44.0000
16761.1440 55.0000
16761.3940 11.0000
16761.6439 44.0000
16761.8940 55.0000
16762.1440 33.0000
16762.3941 66.0000
16762.6441 22.0000
16762.8948 44.0000
16763.1440 11.0000
16763.3942 22.0000
16763.6440 11.0000
16763.8940 22.0000
16764.1442 44.0000
16764.3940 55.0000
16764.6439 33.0000
16764.8940 22.0000
16765.1443 11.0000
16765.3940 22.0000
16765.6440 55.0000
16765.8940 66.0000
16766.1440 55.0000
16766.3950 66.0000
16766.6440 33.0000
16766.8946 11.0000
16767.1442 55.0000
16767.3946 66.0000
16767.6440 33.0000
16767.8947 22.0000
16768.1439 55.0000
16768.3941 44.0000
16768.6439 11.0000
16768.8944 66.0000
16769.1442 22.0000
16769.3949 11.0000
16769.6440 55.0000
16769.8939 22.0000
16770.1445 44.0000
16770.3939 66.0000
16770.6450 11.0000
16770.8940 55.0000
16771.1440 33.0000
16771.3942 55.0000
16771.6440 44.0000
16771.8940 22.0000
16772.1440 11.0000
16772.3941 55.0000
16772.6440 66.0000
16772.8939 33.0000
16773.1447 22.0000
16773.3939 44.0000
16773.6445 22.0000
16773.8939 33.0000
16774.1441 11.0000
16774.3940 55.0000
16774.6440 33.0000
16774.8939 22.0000
16775.1439 44.0000
16775.3939 55.0000
16775.6440 22.0000
16775.8950 11.0000
16776.1439 55.0000
16776.3939 44.0000
16776.6441 55.0000
16776.8939 44.0000
16777.1440 22.0000
16777.3939 66.0000
16777.6442 11.0000
16777.8940 55.0000
16778.1440 66.0000
16778.3945 22.0000
16778.6438 33.0000
16778.8939 55.0000
16779.1439 11.0000
16779.3942 66.0000
16779.6440 44.0000
16779.8939 11.0000
16780.1439 44.0000
16780.3939 33.0000
16780.6441 55.0000
16780.8939 11.0000
16781.1449 66.0000
16781.3939 44.0000
16781.6439 55.0000
16781.8939 22.0000
16782.1439 33.0000
16782.3939 11.0000
16782.6439 33.0000
16782.8939 55.0000
16783.1439 66.0000
16783.3945 22.0000
16783.6439 11.0000
16783.8942 33.0000
16784.1439 44.0000
16784.3939 11.0000
16784.6440 22.0000
16784.8944 33.0000
16785.1439 44.0000
16785.3943 66.0000
16785.6439 55.0000
16785.8939 33.0000
16786.1439 11.0000
16786.3946 55.0000
16786.6439 11.0000
16786.8939 44.0000
16787.1439 11.0000
16788.8781 888.0000
16791.6809 999.0000
