180855.8479 777.0000
180858.9240 44.0000
180859.1739 55.0000
180859.4239 33.0000
180859.6737 44.0000
180859.9239 66.0000
180860.1739 22.0000
180860.4239 66.0000
180860.6737 11.0000
180860.9239 66.0000
180861.1741 44.0000
180861.4247 66.0000
180861.6739 11.0000
180861.9240 33.0000
180862.1743 11.0000
180862.4240 33.0000
180862.6740 66.0000
180862.9240 33.0000
180863.1739 11.0000
180863.4239 66.0000
180863.6737 22.0000
180863.9239 66.0000
180864.1739 33.0000
180864.4241 66.0000
180864.6740 33.0000
180864.9239 66.0000
180865.1739 33.0000
180865.4239 55.0000
180865.6743 33.0000
180865.9239 66.0000
180866.1738 11.0000
180866.4239 66.0000
180866.6742 44.0000
180866.9239 66.0000
180867.1744 11.0000
180867.4238 33.0000
180867.6739 44.0000
180867.9241 11.0000
180868.1738 66.0000
180868.4239 55.0000
180868.6742 44.0000
180868.9248 66.0000
180869.1739 44.0000
180869.4239 11.0000
180869.6742 66.0000
180869.9239 55.0000
180870.1741 66.0000
180870.4246 44.0000
180870.6739 66.0000
180870.9240 33.0000
180871.1739 66.0000
180871.4240 44.0000
180871.6737 66.0000
180871.9246 22.0000
180872.1739 33.0000
180872.4240 44.0000
180872.6737 33.0000
180872.9238 44.0000
180873.1739 55.0000
180873.4239 44.0000
180873.6739 33.0000
180873.9238 22.0000
180874.1745 33.0000
180874.4240 11.0000
180874.6737 44.0000
180874.9239 55.0000
180875.1738 22.0000
180875.4238 11.0000
180875.6740 22.0000
180875.9246 33.0000
180876.1738 22.0000
180876.4246 33.0000
180876.6738 22.0000
180876.9241 11.0000
180877.1738 44.0000
180877.4238 33.0000
180877.6743 66.0000
180877.9238 11.0000
180878.1738 44.0000
180878.4238 66.0000
180878.6738 44.0000
180878.9241 22.0000
180879.1739 44.0000
180879.4240 66.0000
180879.6739 11.0000
180879.9238 66.0000
180880.1743 55.0000
180880.4238 11.0000
180880.6742 55.0000
180880.9238 66.0000
180881.1738 55.0000
180881.4242 44.0000
180881.6737 11.0000
180881.9238 55.0000
180882.1744 22.0000
180882.4238 55.0000
180882.6739 22.0000
180882.9238 55.0000
180883.1743 44.0000
180883.4238 22.0000
180883.6736 66.0000
180883.9240 55.0000
180884.1738 22.0000
180884.4239 55.0000
180884.6739 66.0000
180884.9248 33.0000
180885.1743 44.0000
180885.4245 22.0000
180885.6738 11.0000
180885.9238 33.0000
180886.1741 11.0000
180886.4238 66.0000
180886.6737 11.0000
180886.9238 33.0000
180887.1739 55.0000
180887.4238 22.0000
180887.6737 11.0000
180887.9240 55.0000
180888.1738 11.0000
180888.4238 33.0000
180888.6739 44.0000
180888.9238 33.0000
180889.1739 11.0000
180889.4238 55.0000
180889.6739 33.0000
180889.9238 44.0000
180890.1738 55.0000
180890.4238 44.0000
180890.6738 55.0000
180890.9239 44.0000
180891.1741 11.0000
180891.4240 55.0000
180891.6741 66.0000
180891.9238 11.0000
180892.1738 66.0000
180892.4238 44.0000
180892.6737 55.0000
180892.9238 11.0000
180893.1738 33.0000
180893.4237 66.0000
180893.6742 44.0000
180893.9244 55.0000
180894.1748 11.0000
180894.4240 55.0000
180894.6738 66.0000
180894.9240 55.0000
180895.1740 44.0000
180895.4241 22.0000
180895.6740 44.0000
180895.9238 66.0000
180896.1738 22.0000
180896.4238 11.0000
180896.6736 22.0000
180896.9238 11.0000
180897.1738 22.0000
180897.4238 66.0000
180897.6739 22.0000
180897.9237 11.0000
180898.1740 22.0000
180898.4244 11.0000
180898.6737 66.0000
180898.9246 44.0000
180899.1737 66.0000
180899.4239 11.0000
180899.6736 33.0000
180899.9237 44.0000
180900.1737 11.0000
180900.4237 22.0000
180900.6738 55.0000
180900.9241 22.0000
180901.1742 44.0000
180901.4242 22.0000
180901.6737 33.0000
180901.9237 11.0000
180902.1737 55.0000
180902.4237 66.0000
180902.6738 22.0000
180902.9237 55.0000
180903.1738 22.0000
180903.4240 44.0000
180903.6738 22.0000
180903.9238 44.0000
180904.1742 22.0000
180904.4237 33.0000
180904.6739 44.0000
180904.9237 66.0000
180905.1737 44.0000
180905.4237 55.0000
180905.6739 11.0000
180905.9237 55.0000
180906.1739 22.0000
180906.4237 55.0000
180906.6738 22.0000
180906.9244 11.0000
180907.1737 55.0000
180907.4237 11.0000
180907.6748 55.0000
180907.9239 11.0000
180908.1737 55.0000
180908.4237 22.0000
180908.6736 11.0000
180908.9237 55.0000
180909.1737 44.0000
180909.4237 55.0000
180909.6741 33.0000
180909.9238 55.0000
180910.1746 44.0000
180910.4237 55.0000
180910.6736 22.0000
180910.9238 55.0000
180911.1742 33.0000
180911.4237 55.0000
180911.6737 22.0000
180911.9237 55.0000
180912.1737 33.0000
180912.4239 55.0000
180912.6737 66.0000
180912.9237 55.0000
180913.1739 22.0000
180913.4236 44.0000
180913.6737 22.0000
180913.9236 66.0000
180914.1737 33.0000
180914.4239 66.0000
180914.6736 22.0000
180914.9237 66.0000
180915.1737 55.0000
180915.4237 11.0000
180915.6738 55.0000
180915.9236 33.0000
180916.1742 66.0000
180916.4237 33.0000
180916.6737 55.0000
180916.9237 44.0000
180917.1736 33.0000
180917.4237 22.0000
180917.6735 11.0000
180917.9241 22.0000
180918.1736 33.0000
180918.4237 22.0000
180918.6738 11.0000
180918.9236 33.0000
180919.1737 55.0000
180919.4237 11.0000
180919.6744 33.0000
180919.9237 11.0000
180920.1737 44.0000
180920.4237 11.0000
180920.6740 44.0000
180920.9242 11.0000
180921.1744 55.0000
180921.4238 33.0000
180921.6737 22.0000
180921.9242 55.0000
180922.1737 33.0000
180922.4237 22.0000
180922.6737 33.0000
180922.9237 55.0000
180923.1739 33.0000
180923.4241 44.0000
180923.6735 33.0000
180923.9239 22.0000
180924.1736 44.0000
180924.4241 66.0000
180924.6738 44.0000
180924.9240 22.0000
180925.1737 55.0000
180925.4237 22.0000
180925.6736 33.0000
180925.9236 22.0000
180926.1737 55.0000
180926.4237 11.0000
180926.6735 66.0000
180926.9237 11.0000
180927.1737 22.0000
180927.4237 66.0000
180927.6737 33.0000
180927.9236 66.0000
180928.1737 44.0000
180928.4240 66.0000
180928.6736 22.0000
180928.9238 66.0000
180929.1736 33.0000
180929.4236 66.0000
180929.6735 22.0000
180929.9239 44.0000
180930.1742 22.0000
180930.4237 44.0000
180930.6739 33.0000
180930.9240 11.0000
180931.1746 66.0000
180931.4237 22.0000
180931.6736 66.0000
180931.9236 55.0000
180932.1740 22.0000
180932.4237 33.0000
180932.6735 55.0000
180932.9239 44.0000
180933.1736 11.0000
180933.4236 33.0000
180933.6736 66.0000
180933.9238 22.0000
180934.1736 66.0000
180934.4246 33.0000
180934.6737 11.0000
180934.9236 55.0000
180935.1738 44.0000
180935.4236 66.0000
180935.6735 55.0000
180935.9236 66.0000
180936.1735 11.0000
180936.4236 22.0000
180936.6735 44.0000
180936.9236 11.0000
180937.1736 33.0000
180937.4236 22.0000
180937.6736 44.0000
180937.9236 33.0000
180938.1739 44.0000
180938.4236 66.0000
180938.6735 11.0000
180938.9238 55.0000
180939.1736 66.0000
180939.4236 55.0000
180939.6739 66.0000
180939.9236 11.0000
180940.1736 33.0000
180940.4236 55.0000
180940.6736 11.0000
180940.9236 33.0000
180941.1736 55.0000
180941.4235 11.0000
180941.6734 44.0000
180941.9236 22.0000
180942.1735 11.0000
180942.4236 66.0000
180942.6734 22.0000
180942.9237 33.0000
180943.1736 55.0000
180943.4236 44.0000
180943.6740 22.0000
180943.9236 11.0000
180944.1738 55.0000
180944.4235 33.0000
180944.6734 22.0000
180944.9236 33.0000
180945.1743 44.0000
180945.4236 66.0000
180945.6734 11.0000
180945.9236 33.0000
180946.1735 55.0000
180946.4238 11.0000
180946.6736 33.0000
180946.9236 44.0000
180947.1741 22.0000
180947.4236 11.0000
180947.6734 44.0000
180947.9235 33.0000
180948.1736 44.0000
180948.4238 66.0000
180948.6734 44.0000
180948.9240 22.0000
180949.1736 33.0000
180949.4240 11.0000
180949.6736 55.0000
180949.9235 22.0000
180950.1736 55.0000
180950.4236 22.0000
180950.6737 44.0000
180950.9236 66.0000
180951.1736 55.0000
180951.4235 33.0000
180951.6737 55.0000
180951.9239 66.0000
180952.1735 11.0000
180952.4236 55.0000
180952.6736 66.0000
180952.9235 55.0000
180953.1736 11.0000
180953.4235 22.0000
180953.6733 33.0000
180953.9235 66.0000
180954.1735 44.0000
180954.4235 55.0000
180954.6734 22.0000
180954.9240 11.0000
180955.1734 33.0000
180955.4235 44.0000
180955.6735 22.0000
180955.9243 11.0000
180956.1735 55.0000
180956.4237 44.0000
180956.6734 33.0000
180956.9235 22.0000
180957.1736 33.0000
180957.4235 66.0000
180957.6734 44.0000
180957.9235 33.0000
180958.1735 44.0000
180958.4235 11.0000
180958.6745 66.0000
180958.9235 44.0000
180959.1736 11.0000
180959.4235 44.0000
180959.6734 11.0000
180959.9235 22.0000
180960.1736 55.0000
180960.4235 44.0000
180960.6738 33.0000
180960.9243 55.0000
180961.1736 33.0000
180961.4236 44.0000
180961.6736 55.0000
180961.9235 33.0000
180962.1736 44.0000
180962.4235 66.0000
180962.6736 22.0000
180962.9244 44.0000
180963.1735 55.0000
180963.4235 66.0000
180963.6733 33.0000
180963.9234 11.0000
180964.1735 44.0000
180964.4235 55.0000
180964.6735 66.0000
180964.9235 55.0000
180965.1735 44.0000
180965.4235 22.0000
180965.6734 44.0000
180965.9235 66.0000
180966.1736 22.0000
180966.4235 66.0000
180966.6733 22.0000
180966.9235 11.0000
180967.1741 44.0000
180967.4234 22.0000
180967.6738 44.0000
180967.9235 11.0000
180968.1735 33.0000
180968.4237 66.0000
180968.6734 33.0000
180968.9234 22.0000
180969.1736 11.0000
180969.4235 22.0000
180969.6738 11.0000
180969.9237 55.0000
180970.1739 22.0000
180970.4244 66.0000
180970.6735 22.0000
180970.9235 44.0000
180971.1735 55.0000
180971.4235 11.0000
180971.6736 22.0000
180971.9235 55.0000
180972.1735 44.0000
180972.4234 33.0000
180972.6733 44.0000
180972.9235 11.0000
180973.1740 55.0000
180973.4235 11.0000
180973.6735 44.0000
180973.9234 55.0000
180974.1739 44.0000
180974.4235 55.0000
180974.6742 22.0000
180974.9235 44.0000
180975.1735 33.0000
180975.4234 66.0000
180975.6734 11.0000
180975.9235 33.0000
180976.1734 66.0000
180976.4235 33.0000
180976.6735 55.0000
180976.9255 44.0000
180977.1734 55.0000
180977.4234 22.0000
180977.6734 44.0000
180977.9238 33.0000
180978.1736 11.0000
180978.4234 44.0000
180978.6735 55.0000
180978.9237 44.0000
180979.1739 22.0000
180979.4234 66.0000
180979.6734 55.0000
180979.9235 66.0000
180980.1734 33.0000
180980.4245 44.0000
180980.6734 55.0000
180980.9234 22.0000
180981.1734 33.0000
180981.4234 66.0000
180981.6733 44.0000
180981.9234 11.0000
180982.1734 33.0000
180982.4234 66.0000
180982.6735 22.0000
180982.9245 33.0000
180983.1734 66.0000
180983.4234 11.0000
180983.6739 55.0000
180983.9234 11.0000
180984.1734 33.0000
180984.4235 55.0000
180984.6734 44.0000
180984.9236 11.0000
180985.1742 44.0000
180985.4235 22.0000
180985.6734 55.0000
180985.9234 66.0000
180986.1739 11.0000
180986.4239 44.0000
180986.6734 55.0000
180986.9234 33.0000
180987.1735 44.0000
180987.4234 11.0000
180987.6732 22.0000
180987.9234 55.0000
180988.1734 44.0000
180988.4234 33.0000
180988.6735 55.0000
180988.9234 66.0000
180989.1734 22.0000
180989.4234 55.0000
180989.6733 11.0000
180989.9234 22.0000
180990.1734 11.0000
180990.4234 44.0000
180990.6734 66.0000
180990.9234 55.0000
180991.1743 33.0000
180991.4234 44.0000
180991.6734 33.0000
180991.9234 66.0000
180992.1734 33.0000
180992.4234 11.0000
180992.6742 22.0000
180992.9234 55.0000
180993.1734 11.0000
180993.4234 66.0000
180993.6741 33.0000
180993.9234 11.0000
180994.1740 33.0000
180994.4234 44.0000
180994.6734 22.0000
180994.9237 11.0000
180995.1734 33.0000
180995.4237 44.0000
180995.6733 66.0000
180995.9234 33.0000
180996.1734 55.0000
180996.4232 22.0000
180996.6732 33.0000
180996.9234 44.0000
180997.1734 11.0000
180997.4234 66.0000
180997.6734 33.0000
180997.9234 22.0000
180998.1734 66.0000
180998.4235 33.0000
180998.6734 22.0000
180998.9234 66.0000
180999.1734 33.0000
180999.4236 66.0000
180999.6733 11.0000
180999.9234 55.0000
181000.1734 66.0000
181000.4234 11.0000
181000.6733 66.0000
181000.9234 11.0000
181001.1734 66.0000
181001.4236 55.0000
181001.6739 66.0000
181001.9234 55.0000
181002.1733 22.0000
181002.4236 55.0000
181002.6732 44.0000
181002.9237 11.0000
181003.1737 22.0000
181003.4234 55.0000
181003.6734 33.0000
181003.9235 11.0000
181004.1734 33.0000
181004.4233 66.0000
181004.6738 44.0000
181004.9234 22.0000
181005.1735 66.0000
181005.4235 22.0000
181005.6732 66.0000
181005.9234 55.0000
181006.1733 22.0000
181006.4233 55.0000
181006.6735 33.0000
181006.9233 11.0000
181007.1737 22.0000
181007.4233 33.0000
181007.6733 55.0000
181007.9233 66.0000
181008.1733 44.0000
181008.4233 11.0000
181008.6732 33.0000
181008.9234 11.0000
181009.1734 66.0000
181009.4234 11.0000
181009.6733 55.0000
181009.9234 66.0000
181010.1733 44.0000
181010.4241 22.0000
181010.6733 66.0000
181010.9234 33.0000
181011.1733 11.0000
181011.4235 66.0000
181011.6732 33.0000
181011.9235 55.0000
181012.1733 22.0000
181012.4233 55.0000
181012.6733 11.0000
181012.9234 22.0000
181013.1733 33.0000
181013.4233 11.0000
181013.6733 22.0000
181013.9233 33.0000
181014.1733 44.0000
181014.4233 66.0000
181014.6732 11.0000
181014.9233 66.0000
181015.1733 44.0000
181015.4233 66.0000
181015.6733 22.0000
181015.9236 33.0000
181016.1733 22.0000
181016.4233 55.0000
181016.6733 11.0000
181016.9233 66.0000
181017.1735 55.0000
181017.4233 66.0000
181017.6731 44.0000
181017.9234 33.0000
181018.1735 66.0000
181018.4233 22.0000
181018.6736 11.0000
181018.9234 55.0000
181019.1733 44.0000
181019.4233 11.0000
181019.6733 44.0000
181019.9233 22.0000
181020.1733 33.0000
181020.4233 55.0000
181020.6732 22.0000
181020.9233 44.0000
181021.1740 22.0000
181021.4233 11.0000
181021.6733 22.0000
181021.9233 55.0000
181022.1733 33.0000
181022.4238 55.0000
181022.6733 44.0000
181022.9233 33.0000
181023.1736 44.0000
181023.4233 11.0000
181023.6731 44.0000
181023.9233 66.0000
181024.1733 55.0000
181024.4233 11.0000
181024.6733 55.0000
181024.9233 33.0000
181025.1733 44.0000
181025.4238 22.0000
181025.6735 33.0000
181025.9234 22.0000
181026.1733 66.0000
181026.4233 55.0000
181026.6732 44.0000
181026.9233 11.0000
181027.1733 33.0000
181027.4233 66.0000
181027.6733 55.0000
181027.9236 66.0000
181028.1742 22.0000
181028.4232 11.0000
181028.6732 22.0000
181028.9233 66.0000
181029.1733 33.0000
181029.4233 44.0000
181029.6731 22.0000
181029.9233 55.0000
181030.1733 66.0000
181030.4233 22.0000
181030.6733 55.0000
181030.9233 44.0000
181031.1733 66.0000
181031.4233 55.0000
181031.6733 11.0000
181031.9232 44.0000
181032.1733 55.0000
181032.4232 44.0000
181032.6733 55.0000
181032.9234 33.0000
181033.1733 44.0000
181033.4233 11.0000
181033.6733 33.0000
181033.9232 11.0000
181034.1733 33.0000
181034.4232 55.0000
181034.6733 66.0000
181034.9232 33.0000
181035.1733 11.0000
181035.4232 66.0000
181035.6731 22.0000
181035.9233 33.0000
181036.1731 11.0000
181036.4232 44.0000
181036.6733 11.0000
181036.9232 33.0000
181037.1732 11.0000
181037.4232 66.0000
181037.6737 55.0000
181037.9232 22.0000
181038.1734 55.0000
181038.4232 33.0000
181038.6730 22.0000
181038.9233 33.0000
181039.1733 22.0000
181039.4232 44.0000
181039.6733 55.0000
181039.9232 44.0000
181040.1733 33.0000
181040.4234 55.0000
181040.6733 33.0000
181040.9232 11.0000
181041.1732 66.0000
181041.4236 55.0000
181041.6731 66.0000
181041.9232 22.0000
181042.1733 55.0000
181042.4239 33.0000
181042.6733 55.0000
181042.9232 44.0000
181043.1733 33.0000
181043.4232 22.0000
181043.6732 44.0000
181043.9232 33.0000
181044.1732 66.0000
181044.4232 44.0000
181044.6733 22.0000
181044.9232 66.0000
181045.1732 44.0000
181045.4234 55.0000
181045.6730 33.0000
181045.9232 44.0000
181046.1732 55.0000
181046.4233 22.0000
181046.6739 55.0000
181046.9240 44.0000
181047.1732 66.0000
181047.4232 55.0000
181047.6730 44.0000
181047.9232 22.0000
181048.1736 44.0000
181048.4233 55.0000
181048.6735 22.0000
181048.9234 11.0000
181049.1734 66.0000
181049.4239 44.0000
181049.6732 33.0000
181049.9239 55.0000
181050.1732 11.0000
181050.4234 66.0000
181050.6730 55.0000
181050.9232 66.0000
181051.1732 44.0000
181051.4232 66.0000
181051.6730 33.0000
181051.9232 22.0000
181052.1732 55.0000
181052.4232 22.0000
181052.6734 11.0000
181052.9232 55.0000
181053.1732 44.0000
181053.4236 33.0000
181053.6739 66.0000
181053.9232 11.0000
181054.1732 22.0000
181054.4232 55.0000
181054.6730 11.0000
181054.9231 55.0000
181055.1735 66.0000
181055.4232 22.0000
181055.6732 11.0000
181055.9232 55.0000
181056.1737 66.0000
181056.4235 44.0000
181056.6730 11.0000
181056.9231 22.0000
181057.1732 33.0000
181057.4232 11.0000
181057.6730 22.0000
181057.9231 66.0000
181058.1738 44.0000
181058.4232 66.0000
181058.6732 22.0000
181058.9232 66.0000
181059.1732 44.0000
181059.4236 22.0000
181059.6732 11.0000
181059.9231 33.0000
181060.1732 44.0000
181060.4232 55.0000
181060.6730 33.0000
181060.9232 66.0000
181061.1734 33.0000
181061.4231 55.0000
181061.6732 11.0000
181061.9233 22.0000
181062.1732 33.0000
181062.4231 11.0000
181062.6730 66.0000
181062.9232 55.0000
181063.1731 33.0000
181063.4231 22.0000
181063.6731 55.0000
181063.9231 33.0000
181064.1732 55.0000
181064.4231 44.0000
181064.6732 66.0000
181064.9231 44.0000
181065.1731 22.0000
181065.4231 11.0000
181065.6732 44.0000
181065.9232 22.0000
181066.1738 44.0000
181066.4232 22.0000
181066.6730 44.0000
181066.9236 33.0000
181067.1731 22.0000
181067.4234 66.0000
181067.6735 44.0000
181067.9231 22.0000
181068.1732 66.0000
181068.4232 22.0000
181068.6730 11.0000
181068.9231 66.0000
181069.1735 22.0000
181069.4238 44.0000
181069.6737 22.0000
181069.9232 11.0000
181070.1733 33.0000
181070.4231 22.0000
181070.6732 33.0000
181070.9234 11.0000
181071.1735 22.0000
181071.4232 44.0000
181071.6731 66.0000
181071.9233 11.0000
181072.1731 66.0000
181072.4233 33.0000
181072.6733 22.0000
181072.9231 55.0000
181073.1736 33.0000
181073.4232 66.0000
181073.6731 44.0000
181073.9231 11.0000
181074.1731 55.0000
181074.4233 11.0000
181074.6731 55.0000
181074.9234 22.0000
181075.1731 33.0000
181075.4234 22.0000
181075.6729 11.0000
181075.9235 66.0000
181076.1731 11.0000
181076.4241 55.0000
181076.6731 44.0000
181076.9232 55.0000
181077.1731 33.0000
181077.4240 22.0000
181077.6729 11.0000
181077.9231 22.0000
181078.1731 66.0000
181078.4233 55.0000
181078.6729 33.0000
181078.9231 55.0000
181079.1731 33.0000
181079.4231 66.0000
181079.6733 44.0000
181079.9231 22.0000
181080.1731 66.0000
181080.4231 55.0000
181080.6730 11.0000
181080.9233 33.0000
181081.1731 11.0000
181081.4236 55.0000
181081.6734 11.0000
181081.9231 44.0000
181082.1731 33.0000
181082.4231 66.0000
181082.6730 22.0000
181082.9230 44.0000
181083.1731 11.0000
181083.4231 22.0000
181083.6730 66.0000
181083.9237 33.0000
181084.1731 66.0000
181084.4231 55.0000
181084.6729 44.0000
181084.9230 22.0000
181085.1731 11.0000
181085.4231 66.0000
181085.6731 55.0000
181085.9231 22.0000
181086.1731 44.0000
181086.4230 55.0000
181086.6729 11.0000
181086.9230 33.0000
181087.1731 22.0000
181087.4231 33.0000
181087.6731 22.0000
181087.9231 11.0000
181088.1730 33.0000
181088.4231 55.0000
181088.6730 66.0000
181088.9230 22.0000
181089.1733 11.0000
181089.4230 33.0000
181089.6733 22.0000
181089.9231 11.0000
181090.1731 66.0000
181090.4235 11.0000
181090.6729 66.0000
181090.9231 33.0000
181091.1732 22.0000
181091.4231 44.0000
181091.6731 11.0000
181091.9230 22.0000
181092.1731 44.0000
181092.4232 11.0000
181092.6731 33.0000
181092.9233 55.0000
181093.1730 22.0000
181093.4230 44.0000
181093.6730 33.0000
181093.9230 11.0000
181094.1731 33.0000
181094.4232 55.0000
181094.6731 66.0000
181094.9230 11.0000
181095.1733 66.0000
181095.4233 11.0000
181095.6741 22.0000
181095.9232 55.0000
181096.1732 33.0000
181096.4234 11.0000
181096.6730 44.0000
181096.9235 22.0000
181097.1734 66.0000
181097.4241 22.0000
181097.6732 11.0000
181097.9230 55.0000
181098.1730 11.0000
181098.4230 55.0000
181098.6729 22.0000
181098.9230 33.0000
181099.1731 11.0000
181099.4230 55.0000
181099.6729 44.0000
181099.9231 66.0000
181100.1735 22.0000
181100.4230 11.0000
181100.6732 55.0000
181100.9230 66.0000
181101.1733 33.0000
181101.4231 44.0000
181101.6731 55.0000
181101.9230 66.0000
181102.1730 11.0000
181102.4232 66.0000
181102.6729 44.0000
181102.9233 66.0000
181103.1730 55.0000
181103.4230 66.0000
181103.6731 44.0000
181103.9230 55.0000
181104.1731 11.0000
181104.4230 66.0000
181104.6730 44.0000
181104.9237 22.0000
181105.1730 66.0000
181105.4230 33.0000
181105.6734 22.0000
181105.9230 55.0000
181106.1731 33.0000
181106.4230 44.0000
181106.6730 33.0000
181106.9230 22.0000
181107.1730 11.0000
181107.4230 33.0000
181107.6735 22.0000
181107.9230 66.0000
181108.1730 11.0000
181108.4230 44.0000
181108.6751 33.0000
181108.9230 55.0000
181109.1732 22.0000
181109.4230 55.0000
181109.6731 44.0000
181109.9231 66.0000
181110.1732 44.0000
181110.4230 66.0000
181110.6731 33.0000
181110.9230 44.0000
181111.1730 22.0000
181111.4230 33.0000
181111.6728 55.0000
181111.9230 22.0000
181112.1732 66.0000
181112.4229 11.0000
181112.6730 33.0000
181112.9230 11.0000
181113.1730 44.0000
181113.4233 33.0000
181113.6729 55.0000
181113.9230 44.0000
181114.1730 66.0000
181114.4229 22.0000
181114.6733 44.0000
181114.9230 55.0000
181115.1730 22.0000
181115.4230 66.0000
181115.6729 33.0000
181115.9230 44.0000
181116.1731 66.0000
181116.4229 33.0000
181116.6730 11.0000
181116.9230 22.0000
181117.1729 44.0000
181117.4229 22.0000
181117.6727 11.0000
181117.9230 44.0000
181118.1730 11.0000
181118.4229 33.0000
181118.6729 11.0000
181118.9229 55.0000
181119.1730 33.0000
181119.4229 66.0000
181119.6731 44.0000
181119.9229 55.0000
181120.1729 22.0000
181120.4229 11.0000
181120.6728 44.0000
181120.9230 66.0000
181121.1730 55.0000
181121.4230 33.0000
181121.6735 11.0000
181121.9229 66.0000
181122.1734 44.0000
181122.4229 33.0000
181122.6729 44.0000
181122.9230 11.0000
181123.1729 66.0000
181123.4233 33.0000
181123.6727 66.0000
181123.9233 11.0000
181124.1734 44.0000
181124.4229 33.0000
181124.6734 11.0000
181124.9229 44.0000
181125.1730 22.0000
181125.4239 66.0000
181125.6730 11.0000
181125.9229 55.0000
181126.1729 66.0000
181126.4229 33.0000
181126.6727 44.0000
181126.9229 55.0000
181127.1732 66.0000
181127.4229 11.0000
181127.6729 22.0000
181127.9231 11.0000
181128.1729 66.0000
181128.4229 44.0000
181128.6729 55.0000
181128.9231 66.0000
181129.1729 22.0000
181129.4229 11.0000
181129.6728 22.0000
181129.9235 33.0000
181130.1732 44.0000
181130.4229 33.0000
181130.6731 44.0000
181130.9229 11.0000
181131.1737 66.0000
181131.4229 55.0000
181131.6729 22.0000
181131.9229 33.0000
181132.1729 44.0000
181132.4231 11.0000
181132.6727 66.0000
181132.9229 55.0000
181133.1729 11.0000
181133.4229 33.0000
181133.6731 55.0000
181133.9229 44.0000
181134.1733 11.0000
181134.4231 55.0000
181134.6729 11.0000
181134.9229 33.0000
181135.1732 66.0000
181135.4236 44.0000
181135.6727 22.0000
181135.9231 44.0000
181136.1729 55.0000
181136.4229 33.0000
181136.6733 22.0000
181136.9229 33.0000
181137.1729 66.0000
181137.4229 55.0000
181137.6729 11.0000
181137.9229 55.0000
181138.1729 44.0000
181138.4229 33.0000
181138.6733 55.0000
181138.9239 66.0000
181139.1729 11.0000
181139.4237 55.0000
181139.6729 22.0000
181139.9230 11.0000
181140.1736 66.0000
181140.4229 44.0000
181140.6728 33.0000
181140.9229 11.0000
181141.1731 44.0000
181141.4229 22.0000
181141.6728 44.0000
181141.9238 66.0000
181142.1729 11.0000
181142.4229 55.0000
181142.6731 11.0000
181142.9231 66.0000
181143.1729 33.0000
181143.4229 22.0000
181143.6731 33.0000
181143.9229 22.0000
181144.1729 44.0000
181144.4230 33.0000
181144.6727 11.0000
181144.9229 33.0000
181145.1728 22.0000
181145.4229 55.0000
181145.6729 22.0000
181145.9229 66.0000
181146.1733 22.0000
181146.4230 33.0000
181146.6729 22.0000
181146.9229 66.0000
181147.1729 44.0000
181147.4238 22.0000
181147.6728 55.0000
181147.9229 11.0000
181148.1728 44.0000
181148.4229 55.0000
181148.6732 44.0000
181148.9229 33.0000
181149.1734 11.0000
181149.4234 44.0000
181149.6728 33.0000
181149.9229 55.0000
181150.1733 44.0000
181150.4230 22.0000
181150.6727 66.0000
181150.9230 55.0000
181151.1729 33.0000
181151.4228 22.0000
181151.6731 44.0000
181151.9229 55.0000
181152.1729 22.0000
181152.4229 66.0000
181152.6732 33.0000
181152.9230 11.0000
181153.1728 44.0000
181153.4229 11.0000
181153.6728 55.0000
181153.9228 66.0000
181154.1728 55.0000
181154.4228 44.0000
181154.6731 22.0000
181154.9236 55.0000
181155.1728 66.0000
181155.4228 55.0000
181155.6728 66.0000
181155.9228 33.0000
181156.1728 11.0000
181156.4228 33.0000
181156.6726 22.0000
181156.9228 11.0000
181157.1728 22.0000
181157.4228 11.0000
181157.6734 22.0000
181157.9228 66.0000
181158.1728 11.0000
181158.4228 33.0000
181158.6728 66.0000
181158.9228 55.0000
181159.1728 33.0000
181159.4228 11.0000
181159.6733 33.0000
181159.9235 44.0000
181160.1728 22.0000
181160.4228 33.0000
181160.6728 22.0000
181160.9228 66.0000
181161.1732 11.0000
181161.4229 33.0000
181161.6728 44.0000
181161.9228 11.0000
181162.1728 22.0000
181162.4235 11.0000
181162.6735 66.0000
181162.9230 11.0000
181163.1730 55.0000
181163.4228 33.0000
181163.6728 55.0000
181163.9228 11.0000
181164.1730 66.0000
181164.4228 44.0000
181164.6728 11.0000
181164.9228 33.0000
181165.1728 22.0000
181165.4230 11.0000
181165.6727 66.0000
181165.9228 22.0000
181166.1729 44.0000
181166.4228 66.0000
181166.6728 33.0000
181166.9230 44.0000
181167.1733 33.0000
181167.4230 55.0000
181167.6728 11.0000
181167.9234 55.0000
181168.1728 22.0000
181168.4228 66.0000
181168.6726 55.0000
181168.9227 66.0000
181169.1728 44.0000
181169.4228 55.0000
181169.6728 44.0000
181169.9228 22.0000
181170.1728 55.0000
181170.4232 22.0000
181170.6728 55.0000
181170.9228 22.0000
181171.1728 66.0000
181171.4227 55.0000
181171.6728 11.0000
181171.9227 44.0000
181172.1730 33.0000
181172.4228 11.0000
181172.6728 66.0000
181172.9228 55.0000
181173.1737 11.0000
181173.4227 66.0000
181173.6728 44.0000
181173.9228 22.0000
181174.1728 33.0000
181174.4227 55.0000
181174.6729 22.0000
181174.9227 11.0000
181175.1728 22.0000
181175.4227 33.0000
181175.6729 55.0000
181175.9229 11.0000
181176.1733 66.0000
181176.4228 33.0000
181176.6728 55.0000
181176.9228 44.0000
181177.1731 22.0000
181177.4227 66.0000
181177.6726 11.0000
181177.9227 44.0000
181178.1728 33.0000
181178.4227 11.0000
181178.6729 55.0000
181178.9228 33.0000
181179.1726 44.0000
181179.4229 11.0000
181179.6734 55.0000
181179.9228 66.0000
181180.1729 44.0000
181180.4231 11.0000
181180.6738 44.0000
181180.9228 33.0000
181181.1731 55.0000
181181.4228 11.0000
181181.6728 33.0000
181181.9227 22.0000
181182.1728 66.0000
181182.4235 11.0000
181182.6730 44.0000
181182.9227 22.0000
181183.1728 11.0000
181183.4230 44.0000
181183.6729 66.0000
181183.9227 33.0000
181184.1729 22.0000
181184.4227 55.0000
181184.6731 33.0000
181184.9230 11.0000
181185.1727 55.0000
181185.4230 22.0000
181185.6727 44.0000
181185.9227 55.0000
181186.1727 66.0000
181186.4227 33.0000
181186.6725 11.0000
181186.9227 22.0000
181187.1727 55.0000
181187.4229 11.0000
181187.6727 33.0000
181187.9227 11.0000
181188.1727 55.0000
181188.4235 33.0000
181188.6727 55.0000
181188.9230 66.0000
181189.1727 33.0000
181189.4236 11.0000
181189.6729 55.0000
181189.9230 66.0000
181190.1728 33.0000
181190.4227 11.0000
181190.6728 55.0000
181190.9227 44.0000
181191.1727 66.0000
181191.4230 55.0000
181191.6727 66.0000
181191.9227 11.0000
181192.1727 22.0000
181192.4227 66.0000
181192.6726 55.0000
181192.9227 11.0000
181193.1728 22.0000
181193.4227 44.0000
181193.6727 11.0000
181193.9227 22.0000
181194.1727 33.0000
181194.4227 44.0000
181194.6727 33.0000
181194.9227 55.0000
181195.1727 33.0000
181195.4227 11.0000
181195.6729 66.0000
181195.9229 11.0000
181196.1727 55.0000
181196.4227 22.0000
181196.6729 66.0000
181196.9227 33.0000
181197.1727 55.0000
181197.4227 22.0000
181197.6729 44.0000
181197.9231 11.0000
181198.1728 33.0000
181198.4227 11.0000
181198.6727 55.0000
181198.9227 66.0000
181199.1727 44.0000
181199.4227 33.0000
181199.6729 55.0000
181199.9227 11.0000
181200.1731 44.0000
181200.4231 33.0000
181200.6728 66.0000
181200.9229 33.0000
181201.1729 66.0000
181201.4227 22.0000
181201.6725 33.0000
181201.9227 11.0000
181202.1729 44.0000
181202.4227 22.0000
181202.6727 44.0000
181202.9231 22.0000
181203.1727 33.0000
181203.4227 22.0000
181203.6733 55.0000
181203.9227 44.0000
181204.1732 66.0000
181204.4227 22.0000
181204.6729 66.0000
181204.9226 33.0000
181205.1727 44.0000
181205.4227 66.0000
181205.6728 22.0000
181205.9226 66.0000
181206.1727 11.0000
181206.4227 33.0000
181206.6726 55.0000
181206.9227 22.0000
181207.1726 55.0000
181207.4227 44.0000
181207.6726 33.0000
181207.9227 66.0000
181208.1727 44.0000
181208.4227 11.0000
181208.6729 22.0000
181208.9227 33.0000
181209.1727 44.0000
181209.4229 55.0000
181209.6726 44.0000
181209.9227 22.0000
181210.1726 33.0000
181210.4235 11.0000
181210.6727 55.0000
181210.9227 11.0000
181211.1728 22.0000
181211.4227 44.0000
181211.6731 55.0000
181211.9227 33.0000
181212.1726 11.0000
181212.4227 22.0000
181212.6727 55.0000
181212.9227 33.0000
181213.1726 44.0000
181213.4227 22.0000
181213.6726 44.0000
181213.9227 11.0000
181214.1727 66.0000
181214.4227 44.0000
181214.6728 66.0000
181214.9227 33.0000
181215.1729 55.0000
181215.4227 33.0000
181215.6726 66.0000
181215.9228 22.0000
181216.1726 11.0000
181216.4227 33.0000
181216.6734 22.0000
181216.9227 66.0000
181217.1726 11.0000
181217.4227 22.0000
181217.6726 66.0000
181217.9231 33.0000
181218.1733 44.0000
181218.4227 22.0000
181218.6726 44.0000
181218.9226 33.0000
181219.1731 66.0000
181219.4232 22.0000
181219.6725 11.0000
181219.9226 22.0000
181220.1727 33.0000
181220.4227 55.0000
181220.6728 44.0000
181220.9233 66.0000
181221.1726 33.0000
181221.4226 55.0000
181221.6727 11.0000
181221.9238 66.0000
181222.1726 44.0000
181222.4226 22.0000
181222.6726 11.0000
181222.9226 22.0000
181223.1726 11.0000
181223.4225 55.0000
181223.6726 22.0000
181223.9226 66.0000
181224.1726 22.0000
181224.4226 66.0000
181224.6726 11.0000
181224.9226 33.0000
181225.1726 66.0000
181225.4231 22.0000
181225.6726 11.0000
181225.9226 55.0000
181226.1726 33.0000
181226.4226 55.0000
181226.6728 44.0000
181226.9226 11.0000
181227.1726 66.0000
181227.4226 11.0000
181227.6727 33.0000
181227.9226 55.0000
181228.1726 11.0000
181228.4226 55.0000
181228.6729 22.0000
181228.9226 44.0000
181229.1726 33.0000
181229.4228 22.0000
181229.6726 55.0000
181229.9228 44.0000
181230.1729 66.0000
181230.4226 22.0000
181230.6727 55.0000
181230.9226 11.0000
181231.1726 44.0000
181231.4228 11.0000
181231.6724 44.0000
181231.9226 66.0000
181232.1726 11.0000
181232.4227 44.0000
181232.6732 11.0000
181232.9230 33.0000
181233.1725 55.0000
181233.4226 44.0000
181233.6725 11.0000
181233.9226 66.0000
181234.1726 44.0000
181234.4229 33.0000
181234.6725 11.0000
181234.9226 22.0000
181235.1726 55.0000
181235.4225 22.0000
181235.6731 44.0000
181235.9226 33.0000
181236.1725 44.0000
181236.4225 22.0000
181236.6728 44.0000
181236.9228 66.0000
181237.1729 33.0000
181237.4227 66.0000
181237.6733 11.0000
181237.9226 55.0000
181238.1727 44.0000
181238.4226 11.0000
181238.6726 44.0000
181238.9225 55.0000
181239.1726 44.0000
181239.4225 66.0000
181239.6730 55.0000
181239.9225 11.0000
181240.1725 22.0000
181240.4225 55.0000
181240.6725 33.0000
181240.9226 44.0000
181241.1729 66.0000
181241.4226 44.0000
181241.6726 55.0000
181241.9225 66.0000
181242.1726 11.0000
181242.4225 33.0000
181242.6726 22.0000
181242.9226 44.0000
181243.1726 33.0000
181243.4225 66.0000
181243.6726 22.0000
181243.9226 33.0000
181244.1727 66.0000
181244.4227 44.0000
181244.6725 11.0000
181244.9225 44.0000
181245.1726 55.0000
181245.4225 22.0000
181245.6726 44.0000
181245.9229 33.0000
181246.1726 22.0000
181246.4225 66.0000
181246.6726 55.0000
181246.9226 66.0000
181247.1725 44.0000
181247.4225 11.0000
181247.6725 44.0000
181247.9227 66.0000
181248.1725 55.0000
181248.4226 44.0000
181248.6727 11.0000
181248.9225 66.0000
181249.1725 22.0000
181249.4225 11.0000
181249.6725 66.0000
181249.9226 33.0000
181250.1736 66.0000
181250.4225 55.0000
181250.6725 11.0000
181250.9225 55.0000
181251.1728 22.0000
181251.4226 66.0000
181251.6727 44.0000
181251.9227 33.0000
181252.1731 55.0000
181252.4225 11.0000
181252.6725 33.0000
181252.9225 11.0000
181253.1726 66.0000
181253.4225 33.0000
181253.6725 44.0000
181253.9225 11.0000
181254.1728 44.0000
181254.4225 66.0000
181254.6727 44.0000
181254.9225 11.0000
181255.1725 66.0000
181255.4225 55.0000
181255.6725 11.0000
181255.9225 55.0000
181256.1729 66.0000
181256.4225 55.0000
181256.6725 33.0000
181256.9225 66.0000
181257.1725 44.0000
181257.4227 33.0000
181257.6725 22.0000
181257.9225 55.0000
181258.1725 11.0000
181258.4230 22.0000
181258.6724 66.0000
181258.9225 44.0000
181259.1725 11.0000
181259.4225 55.0000
181259.6731 66.0000
181259.9224 55.0000
181260.1724 66.0000
181260.4225 44.0000
181260.6725 22.0000
181260.9231 33.0000
181261.1728 11.0000
181261.4229 33.0000
181261.6725 44.0000
181261.9225 22.0000
181262.1729 66.0000
181262.4229 55.0000
181262.6724 44.0000
181262.9230 22.0000
181263.1725 44.0000
181263.4225 66.0000
181263.6725 44.0000
181263.9225 55.0000
181264.1725 22.0000
181264.4225 55.0000
181264.6727 66.0000
181264.9224 22.0000
181265.1725 33.0000
181265.4224 55.0000
181265.6724 44.0000
181265.9225 33.0000
181266.1725 66.0000
181266.4225 22.0000
181266.6724 66.0000
181266.9227 44.0000
181267.1724 66.0000
181267.4225 11.0000
181267.6725 44.0000
181267.9224 66.0000
181268.1724 44.0000
181268.4224 66.0000
181268.6725 11.0000
181268.9224 22.0000
181269.1724 11.0000
181269.4224 33.0000
181269.6725 11.0000
181269.9226 44.0000
181270.1726 22.0000
181270.4225 11.0000
181270.6735 66.0000
181270.9225 55.0000
181271.1724 66.0000
181271.4227 44.0000
181271.6728 55.0000
181271.9225 11.0000
181272.1725 33.0000
181272.4224 44.0000
181272.6725 33.0000
181272.9227 22.0000
181273.1726 33.0000
181273.4224 55.0000
181273.6724 44.0000
181273.9225 11.0000
181274.1729 33.0000
181274.4224 22.0000
181274.6726 55.0000
181274.9225 22.0000
181275.1724 55.0000
181275.4224 11.0000
181275.6725 22.0000
181275.9224 66.0000
181276.1729 33.0000
181276.4232 22.0000
181276.6724 66.0000
181276.9224 33.0000
181277.1724 44.0000
181277.4225 22.0000
181277.6724 66.0000
181277.9224 33.0000
181278.1726 44.0000
181278.4224 33.0000
181278.6726 55.0000
181278.9224 44.0000
181279.1724 55.0000
181279.4225 33.0000
181279.6724 66.0000
181279.9224 44.0000
181280.1724 22.0000
181280.4224 66.0000
181280.6724 55.0000
181280.9224 44.0000
181281.1724 33.0000
181281.4225 44.0000
181281.6724 22.0000
181281.9227 55.0000
181282.1724 33.0000
181282.4225 22.0000
181282.6731 66.0000
181282.9225 55.0000
181283.1724 33.0000
181283.4224 22.0000
181283.6724 66.0000
181283.9224 55.0000
181284.1724 33.0000
181284.4224 66.0000
181284.6724 11.0000
181284.9232 55.0000
181285.1724 11.0000
181285.4224 66.0000
181285.6724 33.0000
181285.9224 11.0000
181286.1724 33.0000
181286.4225 55.0000
181286.6724 22.0000
181286.9230 44.0000
181287.1724 11.0000
181287.4225 22.0000
181287.6724 55.0000
181287.9225 22.0000
181288.1724 55.0000
181288.4225 66.0000
181288.6727 33.0000
181288.9225 55.0000
181289.1724 33.0000
181289.4229 22.0000
181289.6728 66.0000
181289.9224 55.0000
181290.1724 22.0000
181290.4224 66.0000
181290.6726 44.0000
181290.9224 22.0000
181291.1724 33.0000
181291.4228 11.0000
181291.6724 22.0000
181291.9224 66.0000
181292.1727 55.0000
181292.4224 44.0000
181292.6732 11.0000
181292.9224 66.0000
181293.1724 33.0000
181293.4223 55.0000
181293.6723 33.0000
181293.9224 11.0000
181294.1724 55.0000
181294.4224 44.0000
181294.6723 11.0000
181294.9224 44.0000
181295.1724 11.0000
181295.4231 44.0000
181295.6723 66.0000
181295.9232 22.0000
181296.1724 33.0000
181296.4225 44.0000
181296.6723 33.0000
181296.9224 22.0000
181297.1723 66.0000
181297.4223 11.0000
181297.6724 44.0000
181297.9224 33.0000
181298.1723 22.0000
181298.4223 44.0000
181298.6728 55.0000
181298.9225 22.0000
181299.1723 11.0000
181299.4224 22.0000
181299.6725 33.0000
181299.9223 22.0000
181300.1723 11.0000
181300.4230 66.0000
181300.6723 55.0000
181300.9223 22.0000
181301.1727 44.0000
181301.4224 22.0000
181301.6728 44.0000
181301.9223 11.0000
181302.1723 44.0000
181302.4229 33.0000
181302.6728 22.0000
181302.9227 66.0000
181303.1728 33.0000
181303.4223 66.0000
181303.6724 11.0000
181303.9223 55.0000
181304.1723 22.0000
181304.4226 44.0000
181304.6723 33.0000
181304.9224 66.0000
181305.1723 22.0000
181305.4224 55.0000
181305.6723 44.0000
181305.9225 66.0000
181306.1734 22.0000
181306.4223 66.0000
181306.6722 33.0000
181306.9231 11.0000
181307.1723 33.0000
181307.4222 11.0000
181307.6723 66.0000
181307.9228 55.0000
181308.1723 22.0000
181308.4223 44.0000
181308.6729 33.0000
181310.4064 888.0000
181321.1714 999.0000
