19747.0053 777.0000
19750.0835 22.0000
19750.3347 55.0000
19750.5834 66.0000
19750.8334 44.0000
19751.0833 11.0000
19751.3337 44.0000
19751.5834 33.0000
19751.8335 44.0000
19752.0832 11.0000
19752.3334 44.0000
19752.5836 11.0000
19752.8336 55.0000
19753.0836 11.0000
19753.3334 55.0000
19753.5834 33.0000
19753.8334 55.0000
19754.0834 11.0000
19754.3334 33.0000
19754.5834 22.0000
19754.8334 11.0000
19755.0832 55.0000
19755.3334 44.0000
19755.5834 55.0000
19755.8334 11.0000
19756.0834 22.0000
19756.3338 55.0000
19756.5833 66.0000
19756.8334 44.0000
19757.0834 66.0000
19757.3336 22.0000
19757.5834 11.0000
19757.8334 22.0000
19758.0832 66.0000
19758.3334 22.0000
19758.5834 44.0000
19758.8334 66.0000
19759.0834 22.0000
19759.3334 66.0000
19759.5834 11.0000
19759.8334 66.0000
19760.0834 22.0000
19760.3334 44.0000
19760.5838 22.0000
19760.8335 44.0000
19761.0839 11.0000
19761.3339 33.0000
19761.5834 11.0000
19761.8334 22.0000
19762.0837 33.0000
19762.3336 66.0000
19762.5834 33.0000
19762.8334 11.0000
19763.0834 55.0000
19763.3334 44.0000
19763.5838 33.0000
19763.8342 44.0000
19764.0839 55.0000
19764.3334 44.0000
19764.5834 66.0000
19764.8334 11.0000
19765.0837 66.0000
19765.3336 22.0000
19765.5833 66.0000
19765.8334 44.0000
19766.0833 22.0000
19766.3334 11.0000
19766.5836 22.0000
19766.8334 11.0000
19767.0836 55.0000
19767.3334 11.0000
19767.5834 44.0000
19767.8334 11.0000
19768.0834 66.0000
19768.3334 11.0000
19768.5833 44.0000
19768.8336 11.0000
19769.0834 55.0000
19769.3341 11.0000
19769.5835 55.0000
19769.8335 22.0000
19770.0832 55.0000
19770.3339 11.0000
19770.5843 55.0000
19770.8335 22.0000
19771.0834 11.0000
19771.3334 44.0000
19771.5833 55.0000
19771.8334 33.0000
19772.0833 11.0000
19772.3334 66.0000
19772.5837 44.0000
19772.8344 11.0000
19773.0831 55.0000
19773.3333 33.0000
19773.5833 55.0000
19773.8336 11.0000
19774.0833 66.0000
19774.3344 55.0000
19774.5833 11.0000
19774.8340 55.0000
19775.0836 11.0000
19775.3335 55.0000
19775.5833 11.0000
19775.8333 66.0000
19776.0833 11.0000
19776.3333 44.0000
19776.5833 33.0000
19776.8334 66.0000
19777.0837 22.0000
19777.3333 55.0000
19777.5833 22.0000
19777.8333 33.0000
19778.0847 22.0000
19778.3333 66.0000
19778.5834 22.0000
19778.8335 66.0000
19779.0838 44.0000
19779.3334 22.0000
19779.5835 33.0000
19779.8335 22.0000
19780.0833 66.0000
19780.3335 22.0000
19780.5838 44.0000
19780.8341 66.0000
19781.0834 33.0000
19781.3334 44.0000
19781.5833 33.0000
19781.8339 44.0000
19782.0831 33.0000
19782.3333 11.0000
19782.5833 22.0000
19782.8333 33.0000
19783.0833 22.0000
19783.3333 11.0000
19783.5833 22.0000
19783.8333 44.0000
19784.0834 22.0000
19784.3335 33.0000
19784.5834 22.0000
19784.8338 66.0000
19785.0838 33.0000
19785.3334 11.0000
19785.5837 66.0000
19785.8333 11.0000
19786.0833 33.0000
19786.3333 66.0000
19786.5834 11.0000
19786.8333 66.0000
19787.0833 55.0000
19787.3339 11.0000
19787.5833 33.0000
19787.8340 55.0000
19788.0838 22.0000
19788.3346 44.0000
19788.5832 22.0000
19788.8337 33.0000
19789.0833 22.0000
19789.3333 44.0000
19789.5835 22.0000
19789.8333 33.0000
19790.0838 11.0000
19790.3333 44.0000
19790.5833 22.0000
19790.8337 11.0000
19791.0831 55.0000
19791.3333 33.0000
19791.5833 55.0000
19791.8336 22.0000
19792.0834 55.0000
19792.3334 44.0000
19792.5833 55.0000
19792.8338 66.0000
19793.0833 55.0000
19793.3333 22.0000
19793.5833 66.0000
19793.8333 44.0000
19794.0831 66.0000
19794.3341 22.0000
19794.5833 66.0000
19794.8333 22.0000
19795.0833 66.0000
19795.3335 44.0000
19795.5833 66.0000
19795.8334 33.0000
19796.0835 66.0000
19796.3332 44.0000
19796.5834 66.0000
19796.8335 33.0000
19797.0832 66.0000
19797.3335 55.0000
19797.5833 66.0000
19797.8333 33.0000
19798.0833 66.0000
19798.3333 22.0000
19798.5842 55.0000
19798.8332 22.0000
19799.0834 66.0000
19799.3332 22.0000
19799.5834 11.0000
19799.8333 22.0000
19800.0843 55.0000
19800.3340 11.0000
19800.5833 66.0000
19800.8332 55.0000
19801.0831 33.0000
19801.3333 55.0000
19801.5833 33.0000
19801.8333 55.0000
19802.0835 33.0000
19802.3332 55.0000
19802.5833 44.0000
19802.8334 33.0000
19803.0833 55.0000
19803.3335 33.0000
19803.5832 55.0000
19803.8332 11.0000
19804.0834 33.0000
19804.3332 66.0000
19804.5833 33.0000
19804.8332 55.0000
19805.0834 33.0000
19805.3332 55.0000
19805.5834 33.0000
19805.8332 44.0000
19806.0844 66.0000
19806.3332 44.0000
19806.5833 55.0000
19806.8332 33.0000
19807.0831 44.0000
19807.3345 33.0000
19807.5832 22.0000
19807.8335 33.0000
19808.0832 22.0000
19808.3332 55.0000
19808.5832 22.0000
19808.8332 44.0000
19809.0832 11.0000
19809.3342 55.0000
19809.5832 11.0000
19809.8336 33.0000
19810.0832 55.0000
19810.3332 22.0000
19810.5833 33.0000
19810.8332 22.0000
19811.0832 44.0000
19811.3337 33.0000
19811.5832 11.0000
19811.8332 33.0000
19812.0844 66.0000
19812.3332 33.0000
19812.5832 55.0000
19812.8332 33.0000
19813.0830 55.0000
19813.3332 33.0000
19813.5838 44.0000
19813.8332 11.0000
19814.0832 44.0000
19814.3331 66.0000
19814.5832 44.0000
19814.8332 66.0000
19815.0830 11.0000
19815.3334 66.0000
19815.5834 44.0000
19815.8340 11.0000
19816.0834 55.0000
19816.3332 11.0000
19816.5832 55.0000
19816.8345 11.0000
19817.0832 22.0000
19817.3335 33.0000
19817.5840 11.0000
19817.8334 33.0000
19818.0830 66.0000
19818.3332 22.0000
19818.5832 44.0000
19818.8332 11.0000
19819.0830 22.0000
19819.3332 11.0000
19819.5842 22.0000
19819.8332 66.0000
19820.0833 44.0000
19820.3339 66.0000
19820.5832 11.0000
19820.8332 44.0000
19821.0833 11.0000
19821.3332 66.0000
19821.5832 11.0000
19821.8342 44.0000
19822.0833 22.0000
19822.3335 55.0000
19822.5834 22.0000
19822.8331 33.0000
19823.0832 22.0000
19823.3334 55.0000
19823.5836 22.0000
19823.8339 66.0000
19824.0830 44.0000
19824.3337 22.0000
19824.5832 55.0000
19824.8332 33.0000
19825.0831 55.0000
19825.3332 22.0000
19825.5832 33.0000
19825.8334 22.0000
19826.0832 55.0000
19826.3332 33.0000
19826.5841 66.0000
19826.8332 55.0000
19827.0830 66.0000
19827.3332 55.0000
19827.5843 66.0000
19827.8332 22.0000
19828.0837 55.0000
19828.3332 11.0000
19828.5831 55.0000
19828.8331 33.0000
19829.0833 55.0000
19829.3339 11.0000
19829.5836 55.0000
19829.8331 11.0000
19830.0832 66.0000
19830.3332 55.0000
19830.5831 44.0000
19830.8334 66.0000
19831.0829 22.0000
19831.3332 55.0000
19831.5831 33.0000
19831.8332 22.0000
19832.0832 44.0000
19832.3335 22.0000
19832.5831 55.0000
19832.8343 44.0000
19833.0832 66.0000
19833.3332 22.0000
19833.5832 44.0000
19833.8337 11.0000
19834.0835 33.0000
19834.3332 55.0000
19834.5831 22.0000
19834.8332 33.0000
19835.0831 44.0000
19835.3334 55.0000
19835.5831 11.0000
19835.8332 66.0000
19836.0829 55.0000
19836.3331 66.0000
19836.5831 33.0000
19836.8330 11.0000
19837.0830 55.0000
19837.3330 11.0000
19837.5831 66.0000
19837.8339 22.0000
19838.0831 11.0000
19838.3334 22.0000
19838.5832 33.0000
19838.8337 44.0000
19839.0832 11.0000
19839.3331 22.0000
19839.5831 55.0000
19839.8332 66.0000
19840.0843 44.0000
19840.3334 11.0000
19840.5831 66.0000
19840.8331 33.0000
19841.0833 44.0000
19841.3336 22.0000
19841.5831 33.0000
19841.8332 11.0000
19842.0829 22.0000
19842.3332 66.0000
19842.5831 55.0000
19842.8332 33.0000
19843.0831 11.0000
19843.3331 44.0000
19843.5833 22.0000
19843.8331 55.0000
19844.0834 44.0000
19844.3331 22.0000
19844.5831 33.0000
19844.8335 11.0000
19845.0833 55.0000
19845.3341 22.0000
19845.5831 11.0000
19845.8339 55.0000
19846.0831 66.0000
19846.3344 22.0000
19846.5841 33.0000
19846.8335 22.0000
19847.0831 33.0000
19847.3331 66.0000
19847.5831 22.0000
19847.8331 55.0000
19848.0830 33.0000
19848.3330 66.0000
19848.5831 55.0000
19848.8330 11.0000
19849.0832 66.0000
19849.3333 33.0000
19849.5831 11.0000
19849.8331 33.0000
19850.0831 66.0000
19850.3342 55.0000
19850.5833 66.0000
19850.8336 44.0000
19851.0831 11.0000
19851.3343 44.0000
19851.5831 55.0000
19851.8331 44.0000
19852.0831 33.0000
19852.3331 11.0000
19852.5831 66.0000
19852.8330 55.0000
19853.0831 22.0000
19853.3335 33.0000
19853.5832 22.0000
19853.8330 44.0000
19854.0831 22.0000
19854.3331 55.0000
19854.5831 44.0000
19854.8336 55.0000
19855.0829 33.0000
19855.3330 44.0000
19855.5844 33.0000
19855.8338 66.0000
19856.0832 33.0000
19856.3331 66.0000
19856.5832 11.0000
19856.8333 55.0000
19857.0829 33.0000
19857.3331 55.0000
19857.5832 66.0000
19857.8330 55.0000
19858.0829 66.0000
19858.3330 22.0000
19858.5831 55.0000
19858.8341 22.0000
19859.0831 66.0000
19859.3331 55.0000
19859.5831 44.0000
19859.8331 66.0000
19860.0830 33.0000
19860.3330 22.0000
19860.5832 44.0000
19860.8331 55.0000
19861.0833 66.0000
19861.3332 44.0000
19861.5830 55.0000
19861.8332 66.0000
19862.0831 22.0000
19862.3330 55.0000
19862.5832 44.0000
19862.8334 33.0000
19863.0830 55.0000
19863.3330 22.0000
19863.5835 66.0000
19863.8331 33.0000
19864.0829 66.0000
19864.3331 11.0000
19864.5832 33.0000
19864.8331 11.0000
19865.0832 22.0000
19865.3331 44.0000
19865.5830 22.0000
19865.8334 44.0000
19866.0829 11.0000
19866.3334 22.0000
19866.5832 11.0000
19866.8330 33.0000
19867.0836 55.0000
19867.3330 44.0000
19867.5833 66.0000
19867.8330 22.0000
19868.0830 11.0000
19868.3330 44.0000
19868.5830 22.0000
19868.8331 11.0000
19869.0829 44.0000
19869.3330 66.0000
19869.5842 44.0000
19869.8332 11.0000
19870.0844 66.0000
19870.3332 33.0000
19870.5830 22.0000
19870.8334 11.0000
19871.0834 33.0000
19871.3338 11.0000
19871.5830 44.0000
19871.8330 22.0000
19872.0830 33.0000
19872.3329 44.0000
19872.5830 11.0000
19872.8338 33.0000
19873.0828 66.0000
19873.3334 44.0000
19873.5831 11.0000
19873.8330 33.0000
19874.0831 55.0000
19874.3330 22.0000
19874.5836 11.0000
19874.8332 22.0000
19875.0829 44.0000
19875.3330 66.0000
19875.5831 22.0000
19875.8330 44.0000
19876.0838 66.0000
19876.3330 44.0000
19876.5841 11.0000
19876.8338 44.0000
19877.0831 33.0000
19877.3330 22.0000
19877.5830 44.0000
19877.8330 11.0000
19878.0830 33.0000
19878.3330 22.0000
19878.5835 11.0000
19878.8330 55.0000
19879.0828 22.0000
19879.3340 33.0000
19879.5830 22.0000
19879.8329 33.0000
19880.0833 44.0000
19880.3330 11.0000
19880.5830 66.0000
19880.8330 55.0000
19881.0830 22.0000
19881.3330 66.0000
19881.5830 55.0000
19881.8333 33.0000
19882.0829 66.0000
19882.3330 11.0000
19882.5828 55.0000
19882.8332 22.0000
19883.0831 66.0000
19883.3338 44.0000
19883.5835 55.0000
19883.8330 33.0000
19884.0867 22.0000
19884.3330 11.0000
19884.5849 55.0000
19884.8360 33.0000
19885.0835 55.0000
19885.3337 11.0000
19885.5830 22.0000
19885.8330 44.0000
19886.0830 66.0000
19886.3342 55.0000
19886.5830 11.0000
19886.8345 33.0000
19887.0829 22.0000
19887.3330 44.0000
19887.5835 55.0000
19887.8334 66.0000
19888.0834 44.0000
19888.3329 22.0000
19888.5829 11.0000
19888.8330 55.0000
19889.0830 11.0000
19889.3329 44.0000
19889.5829 11.0000
19889.8330 33.0000
19890.0829 66.0000
19890.3329 11.0000
19890.5829 22.0000
19890.8330 33.0000
19891.0829 66.0000
19891.3330 33.0000
19891.5834 22.0000
19891.8330 33.0000
19892.0835 44.0000
19892.3336 55.0000
19892.5833 44.0000
19892.8330 11.0000
19893.0831 33.0000
19893.3343 66.0000
19893.5829 11.0000
19893.8334 22.0000
19894.0828 33.0000
19894.3330 11.0000
19894.5829 44.0000
19894.8329 55.0000
19895.0829 33.0000
19895.3334 22.0000
19895.5829 55.0000
19895.8329 22.0000
19896.0829 66.0000
19896.3330 44.0000
19896.5829 55.0000
19896.8334 44.0000
19897.0844 55.0000
19897.3330 22.0000
19897.5830 33.0000
19897.8329 55.0000
19898.0830 11.0000
19898.3329 66.0000
19898.5829 11.0000
19898.8329 66.0000
19899.0829 22.0000
19899.3331 11.0000
19899.5829 55.0000
19899.8329 44.0000
19900.0829 33.0000
19900.3336 66.0000
19900.5834 11.0000
19900.8330 33.0000
19901.0833 44.0000
19901.3329 55.0000
19901.5829 66.0000
19901.8331 44.0000
19902.0830 55.0000
19902.3332 44.0000
19902.5829 66.0000
19902.8329 33.0000
19903.0837 44.0000
19903.3329 22.0000
19903.5829 11.0000
19903.8334 44.0000
19904.0829 33.0000
19904.3329 11.0000
19904.5833 22.0000
19904.8329 55.0000
19905.0828 66.0000
19905.3330 22.0000
19905.5831 33.0000
19905.8329 11.0000
19906.0829 22.0000
19906.3336 66.0000
19906.5832 33.0000
19906.8345 11.0000
19907.0829 44.0000
19907.3332 22.0000
19907.5829 44.0000
19907.8331 33.0000
19908.0827 66.0000
19908.3334 22.0000
19908.5829 44.0000
19908.8330 11.0000
19909.0829 55.0000
19909.3330 33.0000
19909.5829 66.0000
19909.8334 55.0000
19910.0828 11.0000
19910.3329 66.0000
19910.5830 44.0000
19910.8331 33.0000
19911.0827 11.0000
19911.3329 66.0000
19911.5829 55.0000
19911.8337 66.0000
19912.0828 33.0000
19912.3329 11.0000
19912.5833 33.0000
19912.8427 44.0000
19913.0831 33.0000
19913.3331 44.0000
19913.5829 66.0000
19913.8360 55.0000
19914.0827 11.0000
19914.3341 66.0000
19914.5828 33.0000
19914.8331 22.0000
19915.0829 11.0000
19915.3335 55.0000
19915.5833 22.0000
19915.8343 66.0000
19916.0833 55.0000
19916.3329 33.0000
19916.5830 55.0000
19916.8334 11.0000
19917.0827 66.0000
19917.3328 22.0000
19917.5853 55.0000
19917.8330 44.0000
19918.0829 22.0000
19918.3328 66.0000
19918.5830 55.0000
19918.8335 44.0000
19919.0828 11.0000
19919.3329 22.0000
19919.5828 11.0000
19919.8344 66.0000
19920.0829 33.0000
19920.3329 66.0000
19920.5837 44.0000
19920.8343 55.0000
19921.0829 33.0000
19921.3336 55.0000
19921.5831 33.0000
19921.8333 66.0000
19922.0840 55.0000
19922.3328 44.0000
19922.5829 55.0000
19922.8328 44.0000
19923.0827 33.0000
19923.3328 66.0000
19923.5829 55.0000
19923.8328 66.0000
19924.0829 33.0000
19924.3328 22.0000
19924.5834 11.0000
19924.8328 22.0000
19925.0828 55.0000
19925.3328 44.0000
19925.5829 55.0000
19925.8336 33.0000
19926.0827 11.0000
19926.3329 66.0000
19926.5828 22.0000
19926.8335 44.0000
19927.0829 55.0000
19927.3330 22.0000
19927.5829 66.0000
19927.8329 22.0000
19928.0829 11.0000
19928.3329 44.0000
19928.5828 11.0000
19928.8331 66.0000
19929.0828 11.0000
19929.3332 22.0000
19929.5828 11.0000
19929.8328 44.0000
19930.0829 33.0000
19930.3328 44.0000
19930.5830 66.0000
19930.8330 44.0000
19931.0833 55.0000
19931.3330 33.0000
19931.5828 55.0000
19931.8332 44.0000
19932.0827 33.0000
19932.3328 44.0000
19932.5828 55.0000
19932.8328 33.0000
19933.0829 11.0000
19933.3340 44.0000
19933.5828 66.0000
19933.8331 44.0000
19934.0828 55.0000
19934.3329 44.0000
19934.5829 11.0000
19934.8360 22.0000
19935.0828 33.0000
19935.3332 22.0000
19935.5828 66.0000
19935.8332 44.0000
19936.0829 11.0000
19936.3328 33.0000
19936.5830 55.0000
19936.8333 44.0000
19937.0828 33.0000
19937.3328 22.0000
19937.5828 66.0000
19937.8328 33.0000
19938.0834 11.0000
19938.3328 33.0000
19938.5828 22.0000
19938.8328 11.0000
19939.0836 66.0000
19939.3330 11.0000
19939.5830 22.0000
19939.8343 55.0000
19940.0832 44.0000
19940.3330 66.0000
19940.5828 55.0000
19940.8330 66.0000
19941.0837 44.0000
19941.3328 55.0000
19941.5828 44.0000
19941.8329 55.0000
19942.0826 11.0000
19942.3328 22.0000
19942.5828 55.0000
19942.8333 33.0000
19943.0829 55.0000
19943.3330 44.0000
19943.5828 11.0000
19943.8332 33.0000
19944.0828 66.0000
19944.3328 33.0000
19944.5829 44.0000
19944.8328 11.0000
19945.0827 44.0000
19945.3330 22.0000
19945.5840 44.0000
19945.8329 11.0000
19946.0830 33.0000
19946.3328 55.0000
19946.5828 44.0000
19946.8332 33.0000
19947.0826 44.0000
19947.3328 11.0000
19947.5829 66.0000
19947.8328 33.0000
19948.0827 55.0000
19948.3328 11.0000
19948.5829 66.0000
19948.8327 33.0000
19949.0831 44.0000
19949.3327 11.0000
19949.5833 55.0000
19949.8328 33.0000
19950.0828 11.0000
19950.3328 33.0000
19950.5833 44.0000
19950.8328 55.0000
19951.0826 66.0000
19951.3332 55.0000
19951.5830 44.0000
19951.8327 55.0000
19952.0827 33.0000
19952.3328 55.0000
19952.5831 33.0000
19952.8329 55.0000
19953.0826 22.0000
19953.3341 55.0000
19953.5828 11.0000
19953.8327 33.0000
19954.0827 44.0000
19954.3327 55.0000
19954.5832 33.0000
19954.8332 44.0000
19955.0828 66.0000
19955.3327 55.0000
19955.5833 22.0000
19955.8334 33.0000
19956.0826 11.0000
19956.3328 55.0000
19956.5832 33.0000
19956.8327 11.0000
19957.0826 55.0000
19957.3327 66.0000
19957.5827 11.0000
19957.8337 33.0000
19958.0827 66.0000
19958.3327 22.0000
19958.5827 33.0000
19958.8330 11.0000
19959.0830 55.0000
19959.3335 22.0000
19959.5827 33.0000
19959.8328 66.0000
19960.0832 55.0000
19960.3327 33.0000
19960.5827 66.0000
19960.8329 11.0000
19961.0828 55.0000
19961.3329 44.0000
19961.5827 11.0000
19961.8327 33.0000
19962.0829 55.0000
19962.3327 44.0000
19962.5837 22.0000
19962.8332 55.0000
19963.0825 66.0000
19963.3337 55.0000
19963.5827 22.0000
19963.8334 11.0000
19964.0829 22.0000
19964.3331 11.0000
19964.5827 66.0000
19964.8327 11.0000
19965.0826 55.0000
19965.3327 22.0000
19965.5827 66.0000
19965.8327 44.0000
19966.0827 55.0000
19966.3327 44.0000
19966.5827 11.0000
19966.8329 22.0000
19967.0841 33.0000
19967.3327 66.0000
19967.5827 11.0000
19967.8335 33.0000
19968.0829 55.0000
19968.3330 22.0000
19968.5827 33.0000
19968.8327 66.0000
19969.0826 55.0000
19969.3330 66.0000
19969.5828 11.0000
19969.8328 66.0000
19970.0827 33.0000
19970.3327 22.0000
19970.5827 55.0000
19970.8329 44.0000
19971.0825 66.0000
19971.3327 55.0000
19971.5834 33.0000
19971.8327 22.0000
19972.0827 11.0000
19972.3353 66.0000
19972.5827 22.0000
19972.8334 44.0000
19973.0828 55.0000
19973.3327 66.0000
19973.5827 33.0000
19973.8327 11.0000
19974.0825 33.0000
19974.3327 22.0000
19974.5827 44.0000
19974.8327 33.0000
19975.0829 66.0000
19975.3327 33.0000
19975.5836 22.0000
19975.8332 66.0000
19976.0828 44.0000
19976.3327 66.0000
19976.5827 44.0000
19976.8329 33.0000
19977.0837 55.0000
19977.3327 33.0000
19977.5827 22.0000
19977.8327 66.0000
19978.0831 22.0000
19978.3327 44.0000
19978.5832 66.0000
19978.8327 55.0000
19979.0828 33.0000
19979.3327 11.0000
19979.5831 55.0000
19979.8341 66.0000
19980.0825 22.0000
19980.3329 33.0000
19980.5827 22.0000
19980.8329 33.0000
19981.0829 66.0000
19981.3327 11.0000
19981.5827 44.0000
19981.8327 55.0000
19982.0827 33.0000
19982.3329 22.0000
19982.5828 66.0000
19982.8327 44.0000
19983.0826 66.0000
19983.3327 11.0000
19983.5827 33.0000
19983.8327 44.0000
19984.0825 11.0000
19984.3327 33.0000
19984.5826 22.0000
19984.8327 44.0000
19985.0827 66.0000
19985.3327 55.0000
19985.5826 22.0000
19985.8327 66.0000
19986.0826 11.0000
19986.3341 66.0000
19986.5827 11.0000
19986.8340 66.0000
19987.0825 11.0000
19987.3338 33.0000
19987.5826 66.0000
19987.8326 55.0000
19988.0826 33.0000
19988.3327 44.0000
19988.5827 22.0000
19988.8327 55.0000
19989.0839 11.0000
19989.3326 55.0000
19989.5826 44.0000
19989.8326 66.0000
19990.0824 33.0000
19990.3331 44.0000
19990.5838 22.0000
19990.8329 66.0000
19991.0830 22.0000
19991.3326 44.0000
19991.5826 66.0000
19991.8330 44.0000
19992.0826 33.0000
19992.3326 44.0000
19992.5827 11.0000
19992.8331 33.0000
19993.0831 66.0000
19993.3348 44.0000
19993.5826 33.0000
19993.8338 44.0000
19994.0827 22.0000
19994.3326 44.0000
19994.5826 33.0000
19994.8326 44.0000
19995.0826 11.0000
19995.3326 55.0000
19995.5826 44.0000
19995.8326 22.0000
19996.0830 66.0000
19996.3326 55.0000
19996.5826 33.0000
19996.8336 66.0000
19997.0827 33.0000
19997.3326 22.0000
19997.5830 66.0000
19997.8328 33.0000
19998.0825 55.0000
19998.3326 33.0000
19998.5826 44.0000
19998.8326 22.0000
19999.0837 33.0000
19999.3333 55.0000
19999.5828 66.0000
19999.8335 33.0000
20000.0826 44.0000
20000.3330 22.0000
20000.5826 11.0000
20000.8326 55.0000
20001.0825 66.0000
20001.3331 55.0000
20001.5826 66.0000
20001.8326 22.0000
20002.0824 11.0000
20002.3326 44.0000
20002.5826 66.0000
20002.8326 44.0000
20003.0829 33.0000
20003.3326 55.0000
20003.5826 11.0000
20003.8328 55.0000
20004.0835 33.0000
20004.3326 55.0000
20004.5826 33.0000
20004.8328 11.0000
20005.0824 66.0000
20005.3326 55.0000
20005.5826 66.0000
20005.8326 55.0000
20006.0826 11.0000
20006.3326 33.0000
20006.5826 22.0000
20006.8329 11.0000
20007.0824 22.0000
20007.3326 44.0000
20007.5826 22.0000
20007.8326 33.0000
20008.0824 44.0000
20008.3326 33.0000
20008.5836 11.0000
20008.8326 55.0000
20009.0826 33.0000
20009.3334 22.0000
20009.5826 66.0000
20009.8326 33.0000
20010.0826 66.0000
20010.3326 44.0000
20010.5826 33.0000
20010.8330 11.0000
20011.0824 22.0000
20011.3326 11.0000
20011.5826 33.0000
20011.8329 44.0000
20012.0831 33.0000
20012.3326 22.0000
20012.5826 11.0000
20012.8326 33.0000
20013.0825 11.0000
20013.3328 55.0000
20013.5826 66.0000
20013.8327 44.0000
20014.0824 33.0000
20014.3326 55.0000
20014.5826 66.0000
20014.8326 55.0000
20015.0827 11.0000
20015.3327 66.0000
20015.5826 44.0000
20015.8326 11.0000
20016.0826 44.0000
20016.3340 33.0000
20016.5828 55.0000
20016.8327 44.0000
20017.0831 33.0000
20017.3326 22.0000
20017.5838 55.0000
20017.8327 11.0000
20018.0826 44.0000
20018.3326 33.0000
20018.5829 55.0000
20018.8328 44.0000
20019.0825 66.0000
20019.3326 22.0000
20019.5826 11.0000
20019.8326 44.0000
20020.0823 33.0000
20020.3328 11.0000
20020.5828 66.0000
20020.8325 55.0000
20021.0829 66.0000
20021.3325 11.0000
20021.5889 66.0000
20021.8326 55.0000
20022.0826 22.0000
20022.3332 11.0000
20022.5826 22.0000
20022.8325 33.0000
20023.0824 22.0000
20023.3331 44.0000
20023.5826 55.0000
20023.8325 44.0000
20024.0826 33.0000
20024.3325 22.0000
20024.5826 66.0000
20024.8325 11.0000
20025.0826 44.0000
20025.3328 11.0000
20025.5828 66.0000
20025.8325 33.0000
20026.0824 55.0000
20026.3328 33.0000
20026.5824 44.0000
20026.8326 66.0000
20027.0827 44.0000
20027.3325 11.0000
20027.5825 66.0000
20027.8325 22.0000
20028.0826 11.0000
20028.3326 66.0000
20028.5826 44.0000
20028.8325 22.0000
20029.0825 11.0000
20029.3335 44.0000
20029.5825 66.0000
20029.8326 11.0000
20030.0826 33.0000
20030.3325 55.0000
20030.5825 11.0000
20030.8325 33.0000
20031.0825 11.0000
20031.3328 55.0000
20031.5826 11.0000
20031.8325 66.0000
20032.0824 22.0000
20032.3327 66.0000
20032.5827 44.0000
20032.8327 33.0000
20033.0825 55.0000
20033.3328 11.0000
20033.5825 66.0000
20033.8325 44.0000
20034.0826 66.0000
20034.3325 33.0000
20034.5827 44.0000
20034.8325 11.0000
20035.0825 55.0000
20035.3325 22.0000
20035.5829 66.0000
20035.8325 55.0000
20036.0826 44.0000
20036.3330 66.0000
20036.5825 11.0000
20036.8334 55.0000
20037.0824 44.0000
20037.3325 66.0000
20037.5825 33.0000
20037.8330 55.0000
20038.0825 22.0000
20038.3325 11.0000
20038.5825 33.0000
20038.8325 11.0000
20039.0826 55.0000
20039.3325 11.0000
20039.5824 22.0000
20039.8325 11.0000
20040.0824 33.0000
20040.3327 55.0000
20040.5825 66.0000
20040.8325 22.0000
20041.0825 11.0000
20041.3325 22.0000
20041.5834 11.0000
20041.8325 44.0000
20042.0827 66.0000
20042.3325 44.0000
20042.5825 66.0000
20042.8328 55.0000
20043.0825 11.0000
20043.3326 66.0000
20043.5827 44.0000
20043.8325 66.0000
20044.0823 11.0000
20044.3325 55.0000
20044.5825 33.0000
20044.8325 66.0000
20045.0828 44.0000
20045.3325 22.0000
20045.5827 44.0000
20045.8325 22.0000
20046.0825 44.0000
20046.3325 11.0000
20046.5827 22.0000
20046.8325 11.0000
20047.0823 22.0000
20047.3325 44.0000
20047.5825 11.0000
20047.8334 66.0000
20048.0825 55.0000
20048.3327 33.0000
20048.5824 44.0000
20048.8325 22.0000
20049.0837 66.0000
20049.3325 22.0000
20049.5825 11.0000
20049.8327 22.0000
20050.0830 55.0000
20050.3325 44.0000
20050.5825 55.0000
20050.8325 33.0000
20051.0827 44.0000
20051.3325 66.0000
20051.5824 11.0000
20051.8325 22.0000
20052.0838 33.0000
20052.3325 44.0000
20052.5824 22.0000
20052.8326 66.0000
20053.0823 44.0000
20053.3335 33.0000
20053.5824 66.0000
20053.8326 22.0000
20054.0825 55.0000
20054.3325 33.0000
20054.5825 44.0000
20054.8326 55.0000
20055.0824 22.0000
20055.3326 66.0000
20055.5825 33.0000
20055.8329 66.0000
20056.0832 44.0000
20056.3326 66.0000
20056.5825 22.0000
20056.8326 44.0000
20057.0825 11.0000
20057.3330 33.0000
20057.5836 44.0000
20057.8325 11.0000
20058.0824 22.0000
20058.3324 66.0000
20058.5824 11.0000
20058.8324 44.0000
20059.0823 55.0000
20059.3324 44.0000
20059.5824 22.0000
20059.8324 11.0000
20060.0824 22.0000
20060.3325 44.0000
20060.5825 66.0000
20060.8324 33.0000
20061.0824 66.0000
20061.3324 22.0000
20061.5824 11.0000
20061.8324 44.0000
20062.0824 11.0000
20062.3324 66.0000
20062.5824 33.0000
20062.8331 11.0000
20063.0828 33.0000
20063.3329 44.0000
20063.5830 22.0000
20063.8326 55.0000
20064.0824 22.0000
20064.3324 44.0000
20064.5824 33.0000
20064.8324 44.0000
20065.0823 66.0000
20065.3331 22.0000
20065.5824 44.0000
20065.8325 66.0000
20066.0829 55.0000
20066.3324 66.0000
20066.5824 55.0000
20066.8324 33.0000
20067.0826 55.0000
20067.3324 66.0000
20067.5826 44.0000
20067.8326 22.0000
20068.0822 55.0000
20068.3324 22.0000
20068.5824 66.0000
20068.8327 22.0000
20069.0825 66.0000
20069.3334 55.0000
20069.5824 66.0000
20069.8324 44.0000
20070.0824 33.0000
20070.3324 66.0000
20070.5828 11.0000
20070.8324 44.0000
20071.0824 33.0000
20071.3324 66.0000
20071.5831 44.0000
20071.8324 22.0000
20072.0824 55.0000
20072.3324 11.0000
20072.5824 33.0000
20072.8326 44.0000
20073.0834 11.0000
20073.3324 55.0000
20073.5824 11.0000
20073.8324 55.0000
20074.0822 11.0000
20074.3324 33.0000
20074.5824 55.0000
20074.8324 66.0000
20075.0824 33.0000
20075.3328 44.0000
20075.5828 55.0000
20075.8324 66.0000
20076.0824 11.0000
20076.3324 33.0000
20076.5826 22.0000
20076.8324 66.0000
20077.0824 22.0000
20077.3328 33.0000
20077.5824 22.0000
20077.8324 11.0000
20078.0824 44.0000
20078.3325 22.0000
20078.5830 44.0000
20078.8329 22.0000
20079.0824 44.0000
20079.3324 66.0000
20079.5827 55.0000
20079.8324 22.0000
20080.0823 11.0000
20080.3331 55.0000
20080.5823 44.0000
20080.8325 55.0000
20081.0827 33.0000
20081.3324 66.0000
20081.5829 33.0000
20081.8324 44.0000
20082.0824 11.0000
20082.3324 55.0000
20082.5824 44.0000
20082.8324 55.0000
20083.0824 11.0000
20083.3336 44.0000
20083.5824 22.0000
20083.8324 55.0000
20084.0824 22.0000
20084.3325 33.0000
20084.5842 44.0000
20084.8323 22.0000
20085.0826 66.0000
20085.3324 44.0000
20085.5824 22.0000
20085.8327 11.0000
20086.0825 22.0000
20086.3326 66.0000
20086.5824 55.0000
20086.8324 11.0000
20087.0829 22.0000
20087.3323 11.0000
20087.5824 55.0000
20087.8327 22.0000
20088.0824 44.0000
20088.3329 22.0000
20088.5824 44.0000
20088.8330 11.0000
20089.0829 22.0000
20089.3324 44.0000
20089.5824 22.0000
20089.8324 11.0000
20090.0828 66.0000
20090.3332 22.0000
20090.5832 11.0000
20090.8323 22.0000
20091.0833 55.0000
20091.3323 11.0000
20091.5824 55.0000
20091.8323 66.0000
20092.0828 44.0000
20092.3323 55.0000
20092.5823 44.0000
20092.8323 33.0000
20093.0828 55.0000
20093.3323 11.0000
20093.5824 55.0000
20093.8324 44.0000
20094.0824 55.0000
20094.3323 11.0000
20094.5824 33.0000
20094.8323 66.0000
20095.0822 11.0000
20095.3324 22.0000
20095.5823 55.0000
20095.8323 44.0000
20096.0825 66.0000
20096.3326 11.0000
20096.5825 66.0000
20096.8332 22.0000
20097.0823 33.0000
20097.3329 44.0000
20097.5823 22.0000
20097.8324 33.0000
20098.0823 11.0000
20098.3323 33.0000
20098.5827 44.0000
20098.8323 22.0000
20099.0823 11.0000
20099.3323 44.0000
20099.5823 55.0000
20099.8324 33.0000
20100.0823 11.0000
20100.3323 22.0000
20100.5823 55.0000
20100.8323 66.0000
20101.0822 44.0000
20101.3329 11.0000
20101.5823 22.0000
20101.8324 44.0000
20102.0821 11.0000
20102.3327 66.0000
20102.5823 11.0000
20102.8333 33.0000
20103.0823 55.0000
20103.3322 33.0000
20103.5823 22.0000
20103.8328 11.0000
20104.0822 66.0000
20104.3327 44.0000
20104.5823 22.0000
20104.8324 44.0000
20105.0828 33.0000
20105.3323 55.0000
20105.5823 44.0000
20105.8323 33.0000
20106.0823 44.0000
20106.3323 66.0000
20106.5823 55.0000
20106.8323 11.0000
20107.0832 33.0000
20107.3323 55.0000
20107.5823 11.0000
20107.8325 22.0000
20108.0823 11.0000
20108.3323 22.0000
20108.5823 44.0000
20108.8329 55.0000
20109.0823 44.0000
20109.3330 55.0000
20109.5823 22.0000
20109.8323 11.0000
20110.0822 22.0000
20110.3323 66.0000
20110.5823 44.0000
20110.8323 66.0000
20111.0823 44.0000
20111.3323 55.0000
20111.5825 22.0000
20111.8323 11.0000
20112.0823 55.0000
20112.3323 66.0000
20112.5824 33.0000
20112.8323 22.0000
20113.0821 55.0000
20113.3323 44.0000
20113.5823 55.0000
20113.8325 66.0000
20114.0837 33.0000
20114.3323 44.0000
20114.5823 55.0000
20114.8325 66.0000
20115.0834 11.0000
20115.3323 55.0000
20115.5823 44.0000
20115.8334 11.0000
20116.0830 33.0000
20116.3323 66.0000
20116.5823 33.0000
20116.8324 55.0000
20117.0821 33.0000
20117.3323 44.0000
20117.5822 11.0000
20117.8322 66.0000
20118.0822 22.0000
20118.3323 55.0000
20118.5823 66.0000
20118.8325 22.0000
20119.0822 44.0000
20119.3324 66.0000
20119.5823 44.0000
20119.8325 11.0000
20120.0823 33.0000
20120.3323 22.0000
20120.5828 66.0000
20120.8323 11.0000
20121.0826 55.0000
20121.3324 66.0000
20121.5822 22.0000
20121.8330 44.0000
20122.0830 33.0000
20122.3322 55.0000
20122.5822 11.0000
20122.8323 55.0000
20123.0821 22.0000
20123.3323 11.0000
20123.5822 33.0000
20123.8323 66.0000
20124.0822 11.0000
20124.3323 44.0000
20124.5825 22.0000
20124.8335 11.0000
20125.0821 33.0000
20125.3323 11.0000
20125.5823 44.0000
20125.8323 22.0000
20126.0823 33.0000
20126.3323 22.0000
20126.5822 11.0000
20126.8325 44.0000
20127.0832 22.0000
20127.3330 66.0000
20127.5822 55.0000
20127.8323 11.0000
20128.0821 44.0000
20128.3324 66.0000
20128.5822 33.0000
20128.8323 44.0000
20129.0823 22.0000
20129.3330 55.0000
20129.5828 11.0000
20129.8332 66.0000
20130.0823 33.0000
20130.3323 44.0000
20130.5822 22.0000
20130.8323 55.0000
20131.0821 44.0000
20131.3326 66.0000
20131.5823 11.0000
20131.8325 33.0000
20132.0822 55.0000
20132.3323 11.0000
20132.5827 66.0000
20132.8327 55.0000
20133.0822 33.0000
20133.3322 66.0000
20133.5822 11.0000
20133.8323 22.0000
20134.0822 66.0000
20134.3323 11.0000
20134.5823 33.0000
20134.8322 11.0000
20135.0821 22.0000
20135.3322 66.0000
20135.5823 11.0000
20135.8330 33.0000
20136.0836 55.0000
20136.3325 66.0000
20136.5824 55.0000
20136.8322 22.0000
20137.0823 44.0000
20137.3322 33.0000
20137.5822 11.0000
20137.8322 33.0000
20138.0821 22.0000
20138.3322 33.0000
20138.5822 66.0000
20138.8322 33.0000
20139.0822 44.0000
20139.3327 66.0000
20139.5822 55.0000
20139.8323 66.0000
20140.0822 33.0000
20140.3322 66.0000
20140.5822 55.0000
20140.8322 11.0000
20141.0822 33.0000
20141.3322 22.0000
20141.5822 55.0000
20141.8322 11.0000
20142.0823 22.0000
20142.3322 33.0000
20142.5829 55.0000
20142.8322 44.0000
20143.0834 22.0000
20143.3327 44.0000
20143.5822 66.0000
20143.8332 33.0000
20144.0822 66.0000
20144.3337 11.0000
20144.5826 33.0000
20144.8322 66.0000
20145.0820 33.0000
20145.3322 22.0000
20145.5822 55.0000
20145.8322 44.0000
20146.0822 22.0000
20146.3323 66.0000
20146.5822 44.0000
20146.8327 11.0000
20147.0823 44.0000
20147.3322 22.0000
20147.5822 11.0000
20147.8322 44.0000
20148.0821 11.0000
20148.3324 55.0000
20148.5822 66.0000
20148.8322 33.0000
20149.0832 66.0000
20149.3323 11.0000
20149.5822 33.0000
20149.8341 22.0000
20150.0823 55.0000
20150.3322 33.0000
20150.5824 55.0000
20150.8322 66.0000
20151.0822 33.0000
20151.3337 66.0000
20151.5822 55.0000
20151.8325 44.0000
20152.0820 66.0000
20152.3322 55.0000
20152.5822 22.0000
20152.8322 33.0000
20153.0822 11.0000
20153.3322 55.0000
20153.5822 66.0000
20153.8324 22.0000
20154.0821 55.0000
20154.3322 22.0000
20154.5822 55.0000
20154.8324 44.0000
20155.0824 11.0000
20155.3321 33.0000
20155.5822 11.0000
20155.8322 33.0000
20156.0823 22.0000
20156.3324 66.0000
20156.5823 33.0000
20156.8322 44.0000
20157.0822 66.0000
20157.3327 44.0000
20157.5822 55.0000
20157.8322 22.0000
20158.0820 33.0000
20158.3324 22.0000
20158.5824 66.0000
20158.8331 33.0000
20159.0825 11.0000
20159.3334 22.0000
20159.5822 44.0000
20159.8321 55.0000
20160.0822 44.0000
20160.3322 66.0000
20160.5822 22.0000
20160.8322 44.0000
20161.0823 22.0000
20161.3322 55.0000
20161.5822 22.0000
20161.8323 66.0000
20162.0823 11.0000
20162.3322 22.0000
20162.5821 33.0000
20162.8326 11.0000
20163.0825 55.0000
20163.3321 66.0000
20163.5822 44.0000
20163.8324 33.0000
20164.0822 55.0000
20164.3321 11.0000
20164.5822 55.0000
20164.8321 66.0000
20165.0821 11.0000
20165.3322 66.0000
20165.5825 44.0000
20165.8333 11.0000
20166.0821 55.0000
20166.3321 11.0000
20166.5822 66.0000
20166.8327 22.0000
20167.0820 11.0000
20167.3321 55.0000
20167.5823 44.0000
20167.8325 55.0000
20168.0823 33.0000
20168.3321 66.0000
20168.5822 22.0000
20168.8321 44.0000
20169.0821 22.0000
20169.3321 11.0000
20169.5832 66.0000
20169.8321 55.0000
20170.0828 33.0000
20170.3327 55.0000
20170.5824 66.0000
20170.8321 44.0000
20171.0821 66.0000
20171.3322 55.0000
20171.5822 11.0000
20171.8322 44.0000
20172.0823 33.0000
20172.3321 66.0000
20172.5821 44.0000
20172.8325 55.0000
20173.0820 22.0000
20173.3321 33.0000
20173.5823 44.0000
20173.8322 22.0000
20174.0821 55.0000
20174.3320 33.0000
20174.5821 22.0000
20174.8323 11.0000
20175.0821 22.0000
20175.3321 33.0000
20175.5821 66.0000
20175.8326 22.0000
20176.0819 44.0000
20176.3321 33.0000
20176.5821 55.0000
20176.8321 44.0000
20177.0821 33.0000
20177.3323 22.0000
20177.5821 33.0000
20177.8330 11.0000
20178.0820 22.0000
20178.3321 44.0000
20178.5821 66.0000
20178.8321 55.0000
20179.0820 11.0000
20179.3325 22.0000
20179.5826 11.0000
20179.8322 44.0000
20180.0823 33.0000
20180.3321 55.0000
20180.5821 66.0000
20180.8335 55.0000
20181.0821 11.0000
20181.3323 22.0000
20181.5821 55.0000
20181.8321 44.0000
20182.0819 55.0000
20182.3321 66.0000
20182.5821 22.0000
20182.8321 66.0000
20183.0822 11.0000
20183.3321 44.0000
20183.5821 22.0000
20183.8321 55.0000
20184.0821 66.0000
20184.3321 11.0000
20184.5821 44.0000
20184.8321 22.0000
20185.0819 33.0000
20185.3321 11.0000
20185.5821 22.0000
20185.8321 44.0000
20186.0821 33.0000
20186.3321 11.0000
20186.5821 22.0000
20186.8324 33.0000
20187.0821 11.0000
20187.3330 33.0000
20187.5820 66.0000
20187.8323 22.0000
20188.0819 44.0000
20188.3327 66.0000
20188.5823 33.0000
20188.8326 22.0000
20189.0822 11.0000
20189.3321 44.0000
20189.5821 11.0000
20189.8321 33.0000
20190.0820 44.0000
20190.3321 55.0000
20190.5820 22.0000
20190.8321 44.0000
20191.0821 55.0000
20191.3321 33.0000
20191.5821 22.0000
20191.8321 66.0000
20192.0820 44.0000
20192.3321 11.0000
20192.5821 44.0000
20192.8323 33.0000
20193.0819 66.0000
20193.3321 22.0000
20193.5821 66.0000
20193.8321 44.0000
20194.0819 33.0000
20194.3323 22.0000
20194.5821 44.0000
20194.8322 11.0000
20195.0821 33.0000
20195.3335 22.0000
20195.5822 33.0000
20195.8322 22.0000
20196.0819 33.0000
20196.3321 11.0000
20196.5827 22.0000
20196.8321 55.0000
20197.0819 44.0000
20197.3325 33.0000
20197.5820 66.0000
20197.8321 55.0000
20198.0821 22.0000
20198.3321 44.0000
20198.5821 66.0000
20198.8322 22.0000
20199.0837 55.0000
20199.3321 66.0000
20199.5820 22.0000
20199.8321 66.0000
20201.5661 888.0000
20214.0934 999.0000
