183281.7033 777.0000
183284.7485 44.0000
183284.9985 22.0000
183285.2645 33.0000
183285.4985 44.0000
183285.7484 66.0000
183285.9985 44.0000
183286.2486 33.0000
183286.4990 66.0000
183286.7485 11.0000
183286.9985 66.0000
183287.2484 11.0000
183287.4987 66.0000
183287.7488 55.0000
183287.9985 66.0000
183288.2487 11.0000
183288.4984 22.0000
183288.7486 11.0000
183288.9984 55.0000
183289.2488 44.0000
183289.4984 55.0000
183289.7484 66.0000
183289.9984 55.0000
183290.2485 44.0000
183290.4984 55.0000
183290.7484 22.0000
183290.9984 55.0000
183291.2485 44.0000
183291.4985 66.0000
183291.7486 11.0000
183291.9984 22.0000
183292.2485 55.0000
183292.4984 22.0000
183292.7487 11.0000
183292.9984 22.0000
183293.2484 44.0000
183293.4984 11.0000
183293.7489 33.0000
183293.9984 22.0000
183294.2485 33.0000
183294.4984 55.0000
183294.7485 33.0000
183294.9984 44.0000
183295.2484 33.0000
183295.4984 55.0000
183295.7485 11.0000
183295.9986 44.0000
183296.2484 22.0000
183296.4984 33.0000
183296.7484 55.0000
183296.9984 66.0000
183297.2484 55.0000
183297.4985 44.0000
183297.7487 66.0000
183297.9984 44.0000
183298.2484 22.0000
183298.4985 55.0000
183298.7484 44.0000
183298.9984 55.0000
183299.2484 22.0000
183299.4984 33.0000
183299.7486 55.0000
183299.9986 33.0000
183300.2484 44.0000
183300.4984 66.0000
183300.7485 11.0000
183300.9984 22.0000
183301.2484 66.0000
183301.4984 55.0000
183301.7484 66.0000
183301.9984 22.0000
183302.2484 66.0000
183302.4986 11.0000
183302.7484 55.0000
183302.9984 22.0000
183303.2487 55.0000
183303.4984 11.0000
183303.7488 55.0000
183303.9985 22.0000
183304.2487 55.0000
183304.4984 11.0000
183304.7484 55.0000
183304.9984 22.0000
183305.2484 55.0000
183305.4984 66.0000
183305.7484 44.0000
183305.9984 11.0000
183306.2484 22.0000
183306.4984 55.0000
183306.7484 66.0000
183306.9984 33.0000
183307.2484 22.0000
183307.4984 44.0000
183307.7617 33.0000
183307.9983 22.0000
183308.2484 44.0000
183308.4984 22.0000
183308.7484 44.0000
183308.9984 11.0000
183309.2484 44.0000
183309.4984 66.0000
183309.7484 44.0000
183309.9983 11.0000
183310.2490 33.0000
183310.4984 11.0000
183310.7484 66.0000
183310.9984 11.0000
183311.2484 66.0000
183311.4984 55.0000
183311.7489 66.0000
183311.9984 33.0000
183312.2484 22.0000
183312.4984 33.0000
183312.7486 66.0000
183312.9984 33.0000
183313.2484 11.0000
183313.4983 33.0000
183313.7484 66.0000
183313.9986 33.0000
183314.2489 55.0000
183314.4984 66.0000
183314.7486 33.0000
183314.9983 11.0000
183315.2484 66.0000
183315.4983 11.0000
183315.7484 33.0000
183315.9984 22.0000
183316.2486 33.0000
183316.4986 55.0000
183316.7486 33.0000
183316.9983 44.0000
183317.2484 11.0000
183317.4986 22.0000
183317.7485 33.0000
183317.9984 11.0000
183318.2483 44.0000
183318.4983 66.0000
183318.7485 44.0000
183318.9986 11.0000
183319.2483 55.0000
183319.4983 66.0000
183319.7486 11.0000
183319.9983 55.0000
183320.2483 22.0000
183320.4983 33.0000
183320.7483 11.0000
183320.9983 44.0000
183321.2484 33.0000
183321.4989 44.0000
183321.7483 11.0000
183321.9986 44.0000
183322.2483 66.0000
183322.4983 22.0000
183322.7483 66.0000
183322.9983 55.0000
183323.2483 22.0000
183323.4983 44.0000
183323.7490 33.0000
183323.9988 55.0000
183324.2483 33.0000
183324.4985 22.0000
183324.7483 11.0000
183324.9983 33.0000
183325.2484 11.0000
183325.4988 22.0000
183325.7483 33.0000
183325.9983 44.0000
183326.2483 33.0000
183326.4984 44.0000
183326.7483 22.0000
183326.9983 66.0000
183327.2483 11.0000
183327.4983 55.0000
183327.7483 11.0000
183327.9986 44.0000
183328.2483 66.0000
183328.4983 33.0000
183328.7483 22.0000
183328.9983 33.0000
183329.2483 22.0000
183329.4983 44.0000
183329.7483 66.0000
183329.9983 55.0000
183330.2483 33.0000
183330.4983 66.0000
183330.7489 33.0000
183330.9983 11.0000
183331.2483 66.0000
183331.4983 11.0000
183331.7483 66.0000
183331.9983 55.0000
183332.2483 11.0000
183332.4983 55.0000
183332.7483 11.0000
183332.9983 22.0000
183333.2483 55.0000
183333.4983 44.0000
183333.7486 66.0000
183333.9982 55.0000
183334.2483 11.0000
183334.4983 33.0000
183334.7487 11.0000
183334.9983 22.0000
183335.2482 44.0000
183335.4983 66.0000
183335.7482 33.0000
183335.9983 11.0000
183336.2483 22.0000
183336.4983 55.0000
183336.7482 44.0000
183336.9983 33.0000
183337.2483 44.0000
183337.4983 22.0000
183337.7488 66.0000
183337.9985 44.0000
183338.2481 55.0000
183338.4983 66.0000
183338.7483 33.0000
183338.9983 22.0000
183339.2482 11.0000
183339.4988 33.0000
183339.7483 44.0000
183339.9983 55.0000
183340.2485 44.0000
183340.4988 33.0000
183340.7483 66.0000
183340.9982 11.0000
183341.2485 66.0000
183341.4983 11.0000
183341.7482 55.0000
183341.9983 33.0000
183342.2483 22.0000
183342.4983 44.0000
183342.7485 11.0000
183342.9984 33.0000
183343.2484 11.0000
183343.4982 44.0000
183343.7482 22.0000
183343.9987 66.0000
183344.2482 55.0000
183344.4983 11.0000
183344.7483 55.0000
183344.9983 22.0000
183345.2485 55.0000
183345.4983 33.0000
183345.7482 55.0000
183345.9983 33.0000
183346.2482 66.0000
183346.4982 44.0000
183346.7482 22.0000
183346.9983 11.0000
183347.2486 66.0000
183347.4982 33.0000
183347.7483 11.0000
183347.9983 44.0000
183348.2487 55.0000
183348.4987 11.0000
183348.7482 55.0000
183348.9982 66.0000
183349.2482 44.0000
183349.4984 66.0000
183349.7482 55.0000
183349.9983 33.0000
183350.2484 11.0000
183350.4983 33.0000
183350.7489 22.0000
183350.9982 33.0000
183351.2482 22.0000
183351.4982 44.0000
183351.7483 22.0000
183351.9983 66.0000
183352.2482 11.0000
183352.4982 33.0000
183352.7487 11.0000
183352.9983 33.0000
183353.2483 55.0000
183353.4983 44.0000
183353.7484 55.0000
183353.9992 66.0000
183354.2483 11.0000
183354.4982 55.0000
183354.7482 11.0000
183354.9983 22.0000
183355.2482 55.0000
183355.4985 22.0000
183355.7488 55.0000
183355.9984 44.0000
183356.2482 11.0000
183356.4982 33.0000
183356.7482 55.0000
183356.9982 44.0000
183357.2482 66.0000
183357.4982 11.0000
183357.7482 33.0000
183357.9982 22.0000
183358.2482 33.0000
183358.4982 11.0000
183358.7482 33.0000
183358.9982 55.0000
183359.2481 22.0000
183359.4982 44.0000
183359.7482 33.0000
183359.9982 55.0000
183360.2484 11.0000
183360.4982 44.0000
183360.7482 33.0000
183360.9986 11.0000
183361.2482 44.0000
183361.4984 55.0000
183361.7487 11.0000
183361.9982 33.0000
183362.2482 44.0000
183362.4981 33.0000
183362.7484 44.0000
183362.9982 55.0000
183363.2482 33.0000
183363.4982 66.0000
183363.7484 33.0000
183363.9981 22.0000
183364.2482 44.0000
183364.4981 66.0000
183364.7482 11.0000
183364.9981 44.0000
183365.2485 66.0000
183365.4982 33.0000
183365.7481 66.0000
183365.9981 11.0000
183366.2482 44.0000
183366.4987 66.0000
183366.7483 11.0000
183366.9981 55.0000
183367.2481 22.0000
183367.4981 33.0000
183367.7484 66.0000
183367.9981 55.0000
183368.2481 33.0000
183368.4981 55.0000
183368.7481 44.0000
183368.9984 11.0000
183369.2481 66.0000
183369.4981 11.0000
183369.7486 66.0000
183369.9981 33.0000
183370.2483 22.0000
183370.4983 11.0000
183370.7481 44.0000
183370.9986 22.0000
183371.2482 44.0000
183371.4982 33.0000
183371.7481 44.0000
183371.9981 22.0000
183372.2484 44.0000
183372.4983 55.0000
183372.7481 22.0000
183372.9981 55.0000
183373.2481 11.0000
183373.4981 66.0000
183373.7483 22.0000
183373.9981 44.0000
183374.2481 66.0000
183374.4981 33.0000
183374.7481 66.0000
183374.9981 33.0000
183375.2486 44.0000
183375.4981 11.0000
183375.7481 33.0000
183375.9981 44.0000
183376.2481 55.0000
183376.4981 11.0000
183376.7481 22.0000
183376.9982 66.0000
183377.2481 22.0000
183377.4981 44.0000
183377.7484 66.0000
183377.9983 44.0000
183378.2483 11.0000
183378.4981 33.0000
183378.7482 44.0000
183378.9986 66.0000
183379.2482 44.0000
183379.4989 33.0000
183379.7481 66.0000
183379.9987 22.0000
183380.2481 44.0000
183380.4983 55.0000
183380.7481 44.0000
183380.9984 11.0000
183381.2487 44.0000
183381.4981 22.0000
183381.7484 66.0000
183381.9981 55.0000
183382.2483 44.0000
183382.4981 22.0000
183382.7482 66.0000
183382.9981 22.0000
183383.2482 44.0000
183383.4981 22.0000
183383.7482 66.0000
183383.9981 55.0000
183384.2481 22.0000
183384.4981 33.0000
183384.7481 44.0000
183384.9981 66.0000
183385.2481 44.0000
183385.4981 66.0000
183385.7488 55.0000
183385.9981 11.0000
183386.2481 33.0000
183386.4981 66.0000
183386.7482 11.0000
183386.9981 55.0000
183387.2484 22.0000
183387.4981 55.0000
183387.7483 66.0000
183387.9980 22.0000
183388.2482 55.0000
183388.4981 66.0000
183388.7482 22.0000
183388.9982 66.0000
183389.2481 55.0000
183389.4981 11.0000
183389.7487 33.0000
183389.9981 66.0000
183390.2482 55.0000
183390.4981 66.0000
183390.7480 33.0000
183390.9981 22.0000
183391.2481 55.0000
183391.4982 44.0000
183391.7481 33.0000
183391.9980 44.0000
183392.2481 66.0000
183392.4981 44.0000
183392.7481 22.0000
183392.9980 33.0000
183393.2481 66.0000
183393.4981 22.0000
183393.7481 44.0000
183393.9982 66.0000
183394.2481 33.0000
183394.4981 55.0000
183394.7481 66.0000
183394.9980 55.0000
183395.2480 66.0000
183395.4980 55.0000
183395.7481 44.0000
183395.9981 33.0000
183396.2480 11.0000
183396.4983 22.0000
183396.7480 55.0000
183396.9980 66.0000
183397.2480 55.0000
183397.4981 66.0000
183397.7481 22.0000
183397.9980 33.0000
183398.2480 44.0000
183398.4985 22.0000
183398.7480 11.0000
183398.9983 55.0000
183399.2480 22.0000
183399.4980 66.0000
183399.7488 33.0000
183399.9982 22.0000
183400.2481 55.0000
183400.4980 22.0000
183400.7480 33.0000
183400.9980 11.0000
183401.2480 55.0000
183401.4981 11.0000
183401.7489 66.0000
183401.9982 11.0000
183402.2482 55.0000
183402.4980 44.0000
183402.7481 55.0000
183402.9982 11.0000
183403.2481 22.0000
183403.4983 66.0000
183403.7483 44.0000
183403.9980 33.0000
183404.2480 11.0000
183404.4980 66.0000
183404.7480 44.0000
183404.9980 11.0000
183405.2480 66.0000
183405.4982 44.0000
183405.7480 33.0000
183405.9980 22.0000
183406.2480 66.0000
183406.4982 33.0000
183406.7480 11.0000
183406.9985 33.0000
183407.2480 11.0000
183407.4980 44.0000
183407.7484 55.0000
183407.9980 22.0000
183408.2480 33.0000
183408.4980 22.0000
183408.7480 55.0000
183408.9980 44.0000
183409.2480 11.0000
183409.4980 22.0000
183409.7486 44.0000
183409.9980 55.0000
183410.2480 11.0000
183410.4981 22.0000
183410.7480 11.0000
183410.9982 44.0000
183411.2480 11.0000
183411.4982 22.0000
183411.7479 11.0000
183411.9980 44.0000
183412.2480 55.0000
183412.4980 11.0000
183412.7480 33.0000
183412.9982 22.0000
183413.2480 55.0000
183413.4980 33.0000
183413.7480 22.0000
183413.9980 66.0000
183414.2480 11.0000
183414.4980 22.0000
183414.7480 66.0000
183414.9980 11.0000
183415.2480 33.0000
183415.4980 44.0000
183415.7482 11.0000
183415.9980 22.0000
183416.2484 33.0000
183416.4980 66.0000
183416.7480 44.0000
183416.9981 33.0000
183417.2484 22.0000
183417.4980 11.0000
183417.7483 22.0000
183417.9981 55.0000
183418.2480 66.0000
183418.4985 55.0000
183418.7479 66.0000
183418.9980 22.0000
183419.2480 11.0000
183419.4980 55.0000
183419.7480 33.0000
183419.9983 44.0000
183420.2480 11.0000
183420.4980 55.0000
183420.7480 11.0000
183420.9982 66.0000
183421.2480 55.0000
183421.4980 22.0000
183421.7488 11.0000
183421.9980 55.0000
183422.2484 11.0000
183422.4980 22.0000
183422.7480 55.0000
183422.9980 66.0000
183423.2479 22.0000
183423.4980 55.0000
183423.7479 66.0000
183423.9985 11.0000
183424.2479 33.0000
183424.4980 66.0000
183424.7479 33.0000
183424.9980 55.0000
183425.2480 33.0000
183425.4985 44.0000
183425.7483 66.0000
183425.9979 55.0000
183426.2479 33.0000
183426.4982 55.0000
183426.7479 33.0000
183426.9980 55.0000
183427.2479 11.0000
183427.4979 66.0000
183427.7479 33.0000
183427.9979 44.0000
183428.2479 11.0000
183428.4980 55.0000
183428.7479 44.0000
183428.9981 11.0000
183429.2480 44.0000
183429.4979 11.0000
183429.7479 44.0000
183429.9980 33.0000
183430.2479 44.0000
183430.4981 33.0000
183430.7479 55.0000
183430.9979 44.0000
183431.2479 66.0000
183431.4979 22.0000
183431.7479 33.0000
183431.9982 44.0000
183432.2479 33.0000
183432.4979 22.0000
183432.7479 11.0000
183432.9979 33.0000
183433.2479 55.0000
183433.4979 44.0000
183433.7479 22.0000
183433.9979 33.0000
183434.2479 44.0000
183434.4979 22.0000
183434.7479 66.0000
183434.9984 33.0000
183435.2482 11.0000
183435.4979 22.0000
183435.7479 33.0000
183435.9981 66.0000
183436.2479 44.0000
183436.4981 66.0000
183436.7480 22.0000
183436.9982 66.0000
183437.2479 33.0000
183437.4978 44.0000
183437.7478 55.0000
183437.9979 66.0000
183438.2479 22.0000
183438.4979 33.0000
183438.7479 11.0000
183438.9979 66.0000
183439.2479 55.0000
183439.4981 44.0000
183439.7480 33.0000
183439.9979 66.0000
183440.2481 55.0000
183440.4979 33.0000
183440.7479 55.0000
183440.9979 44.0000
183441.2479 66.0000
183441.4979 55.0000
183441.7479 22.0000
183441.9981 33.0000
183442.2479 66.0000
183442.4979 55.0000
183442.7479 66.0000
183442.9979 22.0000
183443.2479 11.0000
183443.4979 44.0000
183443.7479 33.0000
183443.9979 66.0000
183444.2478 33.0000
183444.4979 22.0000
183444.7482 11.0000
183444.9979 55.0000
183445.2479 22.0000
183445.4979 44.0000
183445.7483 66.0000
183445.9979 44.0000
183446.2479 33.0000
183446.4978 11.0000
183446.7478 22.0000
183446.9979 44.0000
183447.2479 11.0000
183447.4981 22.0000
183447.7489 33.0000
183447.9978 11.0000
183448.2479 22.0000
183448.4980 44.0000
183448.7478 11.0000
183448.9978 55.0000
183449.2477 66.0000
183449.4979 33.0000
183449.7480 44.0000
183449.9978 55.0000
183450.2479 44.0000
183450.4980 66.0000
183450.7483 33.0000
183450.9986 66.0000
183451.2487 33.0000
183451.4979 22.0000
183451.7481 44.0000
183451.9978 55.0000
183452.2479 33.0000
183452.4981 55.0000
183452.7478 22.0000
183452.9982 11.0000
183453.2478 66.0000
183453.4980 44.0000
183453.7479 22.0000
183453.9980 33.0000
183454.2479 55.0000
183454.4978 66.0000
183454.7478 44.0000
183454.9978 22.0000
183455.2483 66.0000
183455.4978 22.0000
183455.7479 55.0000
183455.9978 22.0000
183456.2479 66.0000
183456.4978 22.0000
183456.7479 33.0000
183456.9979 11.0000
183457.2479 22.0000
183457.4978 44.0000
183457.7479 22.0000
183457.9978 11.0000
183458.2479 33.0000
183458.4979 11.0000
183458.7479 33.0000
183458.9978 55.0000
183459.2479 44.0000
183459.4979 55.0000
183459.7479 66.0000
183459.9978 33.0000
183460.2479 44.0000
183460.4977 33.0000
183460.7478 22.0000
183460.9982 44.0000
183461.2478 33.0000
183461.4978 66.0000
183461.7479 55.0000
183461.9978 66.0000
183462.2478 55.0000
183462.4978 22.0000
183462.7478 44.0000
183462.9978 22.0000
183463.2478 11.0000
183463.4978 33.0000
183463.7483 55.0000
183463.9978 66.0000
183464.2481 33.0000
183464.4980 66.0000
183464.7478 11.0000
183464.9978 33.0000
183465.2482 55.0000
183465.4978 22.0000
183465.7559 55.0000
183465.9978 33.0000
183466.2478 44.0000
183466.4978 55.0000
183466.7478 66.0000
183466.9978 33.0000
183467.2478 66.0000
183467.4978 11.0000
183467.7477 22.0000
183467.9978 44.0000
183468.2478 11.0000
183468.4979 22.0000
183468.7478 44.0000
183468.9978 11.0000
183469.2478 22.0000
183469.4978 33.0000
183469.7478 44.0000
183469.9978 22.0000
183470.2478 55.0000
183470.4980 11.0000
183470.7478 22.0000
183470.9978 44.0000
183471.2478 33.0000
183471.4978 66.0000
183471.7478 11.0000
183471.9978 55.0000
183472.2478 66.0000
183472.4978 11.0000
183472.7478 55.0000
183472.9978 22.0000
183473.2480 11.0000
183473.4983 33.0000
183473.7478 55.0000
183473.9980 11.0000
183474.2478 55.0000
183474.4978 11.0000
183474.7477 66.0000
183474.9978 11.0000
183475.2478 55.0000
183475.4978 66.0000
183475.7477 11.0000
183475.9977 22.0000
183476.2478 66.0000
183476.4978 11.0000
183476.7477 22.0000
183476.9977 33.0000
183477.2478 44.0000
183477.4982 66.0000
183477.7482 11.0000
183477.9977 55.0000
183478.2484 44.0000
183478.4985 22.0000
183478.7477 11.0000
183478.9977 44.0000
183479.2491 11.0000
183479.5001 44.0000
183479.7478 66.0000
183479.9977 44.0000
183480.2478 66.0000
183480.4977 44.0000
183480.7477 22.0000
183480.9977 44.0000
183481.2478 22.0000
183481.4978 66.0000
183481.7482 33.0000
183481.9988 44.0000
183482.2477 55.0000
183482.4977 66.0000
183482.7478 22.0000
183482.9979 55.0000
183483.2477 22.0000
183483.4980 44.0000
183483.7478 11.0000
183483.9978 22.0000
183484.2477 66.0000
183484.4978 55.0000
183484.7477 66.0000
183484.9982 22.0000
183485.2477 33.0000
183485.4977 44.0000
183485.7478 66.0000
183485.9978 22.0000
183486.2477 11.0000
183486.4977 33.0000
183486.7477 55.0000
183486.9980 22.0000
183487.2479 11.0000
183487.4977 44.0000
183487.7477 33.0000
183487.9980 44.0000
183488.2482 66.0000
183488.4980 55.0000
183488.7477 44.0000
183488.9978 66.0000
183489.2477 44.0000
183489.4977 22.0000
183489.7477 11.0000
183489.9978 44.0000
183490.2480 22.0000
183490.4978 33.0000
183490.7477 22.0000
183490.9978 44.0000
183491.2479 11.0000
183491.4983 55.0000
183491.7482 11.0000
183491.9978 66.0000
183492.2477 22.0000
183492.4977 44.0000
183492.7477 11.0000
183492.9977 22.0000
183493.2482 66.0000
183493.4984 11.0000
183493.7477 66.0000
183493.9978 11.0000
183494.2477 66.0000
183494.4980 33.0000
183494.7477 22.0000
183494.9978 11.0000
183495.2477 55.0000
183495.4978 66.0000
183495.7477 11.0000
183495.9977 44.0000
183496.2477 55.0000
183496.4977 33.0000
183496.7477 22.0000
183496.9977 44.0000
183497.2477 22.0000
183497.4977 44.0000
183497.7477 33.0000
183497.9976 11.0000
183498.2477 55.0000
183498.4977 22.0000
183498.7477 11.0000
183498.9981 33.0000
183499.2483 66.0000
183499.4977 33.0000
183499.7477 66.0000
183499.9979 55.0000
183500.2477 33.0000
183500.4980 55.0000
183500.7477 44.0000
183500.9976 66.0000
183501.2476 11.0000
183501.4979 44.0000
183501.7477 55.0000
183501.9977 33.0000
183502.2477 55.0000
183502.4982 22.0000
183502.7478 33.0000
183502.9977 11.0000
183503.2477 66.0000
183503.4982 55.0000
183503.7479 33.0000
183503.9977 11.0000
183504.2477 33.0000
183504.4977 55.0000
183504.7481 22.0000
183504.9976 55.0000
183505.2477 11.0000
183505.4976 66.0000
183505.7476 22.0000
183505.9976 44.0000
183506.2477 66.0000
183506.4977 22.0000
183506.7477 55.0000
183506.9977 33.0000
183507.2477 11.0000
183507.4976 22.0000
183507.7480 55.0000
183507.9977 22.0000
183508.2476 55.0000
183508.4976 44.0000
183508.7476 55.0000
183508.9976 22.0000
183509.2476 44.0000
183509.4977 11.0000
183511.2320 888.0000
183515.4269 999.0000
