272785.5657 777.0000
272789.0217 33.0000
272789.2559 22.0000
272789.5061 55.0000
272789.7562 66.0000
272790.0064 33.0000
272790.2557 44.0000
272790.5057 55.0000
272790.7560 11.0000
272791.0057 44.0000
272791.2556 22.0000
272791.5057 33.0000
272791.7557 11.0000
272792.0057 33.0000
272792.2559 55.0000
272792.5061 11.0000
272792.7557 33.0000
272793.0056 11.0000
272793.2558 22.0000
272793.5062 11.0000
272793.7559 66.0000
272794.0056 22.0000
272794.2557 44.0000
272794.5056 66.0000
272794.7556 44.0000
272795.0056 22.0000
272795.2557 55.0000
272795.5056 22.0000
272795.7556 55.0000
272796.0056 22.0000
272796.2556 55.0000
272796.5056 22.0000
272796.7561 33.0000
272797.0056 22.0000
272797.2561 55.0000
272797.5056 22.0000
272797.7558 55.0000
272798.0056 33.0000
272798.2556 55.0000
272798.5056 22.0000
272798.7556 55.0000
272799.0056 44.0000
272799.2558 55.0000
272799.5061 22.0000
272799.7560 66.0000
272800.0057 33.0000
272800.2557 44.0000
272800.5056 11.0000
272800.7561 33.0000
272801.0056 44.0000
272801.2556 66.0000
272801.5058 44.0000
272801.7560 11.0000
272802.0056 33.0000
272802.2561 22.0000
272802.5056 66.0000
272802.7556 11.0000
272803.0056 66.0000
272803.2556 55.0000
272803.5056 44.0000
272803.7563 11.0000
272804.0056 44.0000
272804.2563 66.0000
272804.5056 11.0000
272804.7556 66.0000
272805.0061 33.0000
272805.2556 55.0000
272805.5056 33.0000
272805.7556 44.0000
272806.0056 33.0000
272806.2556 22.0000
272806.5060 66.0000
272806.7556 11.0000
272807.0056 22.0000
272807.2556 11.0000
272807.5057 22.0000
272807.7556 55.0000
272808.0056 33.0000
272808.2555 44.0000
272808.5059 11.0000
272808.7556 66.0000
272809.0056 22.0000
272809.2556 66.0000
272809.5056 11.0000
272809.7556 66.0000
272810.0056 44.0000
272810.2556 66.0000
272810.5056 11.0000
272810.7556 22.0000
272811.0056 66.0000
272811.2556 22.0000
272811.5055 44.0000
272811.7556 11.0000
272812.0056 66.0000
272812.2562 33.0000
272812.5055 44.0000
272812.7556 33.0000
272813.0058 44.0000
272813.2556 33.0000
272813.5065 11.0000
272813.7557 44.0000
272814.0060 66.0000
272814.2561 11.0000
272814.5058 22.0000
272814.7556 66.0000
272815.0056 44.0000
272815.2556 55.0000
272815.5056 33.0000
272815.7556 22.0000
272816.0055 11.0000
272816.2558 22.0000
272816.5056 33.0000
272816.7557 22.0000
272817.0056 55.0000
272817.2555 33.0000
272817.5066 66.0000
272817.7558 33.0000
272818.0056 22.0000
272818.2557 66.0000
272818.5056 11.0000
272818.7556 22.0000
272819.0056 44.0000
272819.2556 11.0000
272819.5057 44.0000
272819.7560 11.0000
272820.0056 22.0000
272820.2562 11.0000
272820.5056 33.0000
272820.7555 44.0000
272821.0055 33.0000
272821.2563 22.0000
272821.5056 44.0000
272821.7555 22.0000
272822.0056 44.0000
272822.2558 33.0000
272822.5056 11.0000
272822.7555 33.0000
272823.0056 66.0000
272823.2556 11.0000
272823.5056 55.0000
272823.7555 11.0000
272824.0055 22.0000
272824.2556 66.0000
272824.5056 55.0000
272824.7555 44.0000
272825.0055 66.0000
272825.2555 44.0000
272825.5062 33.0000
272825.7555 11.0000
272826.0056 33.0000
272826.2559 22.0000
272826.5055 33.0000
272826.7555 11.0000
272827.0055 66.0000
272827.2555 11.0000
272827.5057 55.0000
272827.7555 11.0000
272828.0056 22.0000
272828.2560 33.0000
272828.5056 44.0000
272828.7556 33.0000
272829.0056 11.0000
272829.2555 44.0000
272829.5056 33.0000
272829.7556 44.0000
272830.0055 11.0000
272830.2555 44.0000
272830.5055 55.0000
272830.7555 11.0000
272831.0055 66.0000
272831.2555 44.0000
272831.5055 55.0000
272831.7560 11.0000
272832.0059 55.0000
272832.2560 11.0000
272832.5059 55.0000
272832.7554 66.0000
272833.0057 55.0000
272833.2555 33.0000
272833.5060 55.0000
272833.7558 66.0000
272834.0055 55.0000
272834.2560 66.0000
272834.5055 22.0000
272834.7555 66.0000
272835.0055 55.0000
272835.2555 33.0000
272835.5055 55.0000
272835.7554 66.0000
272836.0055 11.0000
272836.2560 66.0000
272836.5055 33.0000
272836.7559 55.0000
272837.0055 22.0000
272837.2555 33.0000
272837.5057 55.0000
272837.7555 44.0000
272838.0060 55.0000
272838.2562 44.0000
272838.5055 55.0000
272838.7555 33.0000
272839.0055 55.0000
272839.2556 44.0000
272839.5055 55.0000
272839.7556 44.0000
272840.0054 55.0000
272840.2555 11.0000
272840.5055 55.0000
272840.7555 44.0000
272841.0055 11.0000
272841.2554 22.0000
272841.5055 44.0000
272841.7557 66.0000
272842.0057 44.0000
272842.2555 66.0000
272842.5057 33.0000
272842.7554 66.0000
272843.0055 33.0000
272843.2555 66.0000
272843.5054 55.0000
272843.7555 33.0000
272844.0055 66.0000
272844.2559 33.0000
272844.5056 66.0000
272844.7555 44.0000
272845.0055 66.0000
272845.2555 55.0000
272845.5055 66.0000
272845.7556 22.0000
272846.0054 66.0000
272846.2555 33.0000
272846.5054 66.0000
272846.7554 44.0000
272847.0054 55.0000
272847.2561 66.0000
272847.5054 33.0000
272847.7555 55.0000
272848.0054 33.0000
272848.2554 66.0000
272848.5055 55.0000
272848.7557 22.0000
272849.0054 55.0000
272849.2557 22.0000
272849.5055 55.0000
272849.7554 11.0000
272850.0054 22.0000
272850.2557 55.0000
272850.5061 44.0000
272850.7555 33.0000
272851.0056 22.0000
272851.2555 33.0000
272851.5058 66.0000
272851.7556 33.0000
272852.0054 66.0000
272852.2555 33.0000
272852.5057 55.0000
272852.7554 33.0000
272853.0054 66.0000
272853.2554 33.0000
272853.5055 22.0000
272853.7560 44.0000
272854.0054 22.0000
272854.2559 33.0000
272854.5055 11.0000
272854.7558 33.0000
272855.0055 66.0000
272855.2556 33.0000
272855.5055 55.0000
272855.7554 33.0000
272856.0054 66.0000
272856.2555 44.0000
272856.5054 66.0000
272856.7554 55.0000
272857.0054 44.0000
272857.2554 55.0000
272857.5059 66.0000
272857.7555 11.0000
272858.0055 33.0000
272858.2554 55.0000
272858.5057 11.0000
272858.7555 66.0000
272859.0055 11.0000
272859.2554 22.0000
272859.5054 66.0000
272859.7554 11.0000
272860.0055 66.0000
272860.2554 55.0000
272860.5062 11.0000
272860.7554 44.0000
272861.0056 33.0000
272861.2554 22.0000
272861.5054 33.0000
272861.7554 55.0000
272862.0054 22.0000
272862.2559 11.0000
272862.5054 66.0000
272862.7558 55.0000
272863.0054 66.0000
272863.2554 11.0000
272863.5054 66.0000
272863.7556 22.0000
272864.0054 11.0000
272864.2555 44.0000
272864.5054 11.0000
272864.7554 66.0000
272865.0059 11.0000
272865.2557 66.0000
272865.5053 44.0000
272865.7554 11.0000
272866.0054 22.0000
272866.2555 11.0000
272866.5057 55.0000
272866.7559 11.0000
272867.0056 22.0000
272867.2554 11.0000
272867.5058 33.0000
272867.7566 11.0000
272868.0054 33.0000
272868.2556 55.0000
272868.5056 33.0000
272868.7554 11.0000
272869.0054 33.0000
272869.2554 11.0000
272869.5054 55.0000
272869.7553 22.0000
272870.0058 11.0000
272870.2554 33.0000
272870.5054 11.0000
272870.7554 22.0000
272871.0054 33.0000
272871.2554 22.0000
272871.5053 33.0000
272871.7553 44.0000
272872.0058 22.0000
272872.2558 11.0000
272872.5054 44.0000
272872.7554 22.0000
272873.0054 44.0000
272873.2553 33.0000
272873.5053 44.0000
272873.7561 66.0000
272874.0053 44.0000
272874.2554 33.0000
272874.5056 44.0000
272874.7553 66.0000
272875.0056 22.0000
272875.2556 55.0000
272875.5059 11.0000
272875.7553 22.0000
272876.0055 11.0000
272876.2555 44.0000
272876.5053 22.0000
272876.7554 66.0000
272877.0053 44.0000
272877.2553 22.0000
272877.5056 11.0000
272877.7554 22.0000
272878.0056 55.0000
272878.2557 33.0000
272878.5054 22.0000
272878.7556 33.0000
272879.0054 11.0000
272879.2558 22.0000
272879.5060 33.0000
272879.7554 22.0000
272880.0053 33.0000
272880.2553 22.0000
272880.5053 33.0000
272880.7553 11.0000
272881.0053 33.0000
272881.2556 44.0000
272881.5054 11.0000
272881.7559 22.0000
272882.0053 55.0000
272882.2553 22.0000
272882.5057 66.0000
272882.7553 44.0000
272883.0053 66.0000
272883.2554 55.0000
272883.5053 11.0000
272883.7555 44.0000
272884.0054 11.0000
272884.2553 44.0000
272884.5053 66.0000
272884.7554 44.0000
272885.0053 33.0000
272885.2553 44.0000
272885.5053 55.0000
272885.7553 33.0000
272886.0059 11.0000
272886.2555 33.0000
272886.5053 44.0000
272886.7554 66.0000
272887.0053 22.0000
272887.2559 44.0000
272887.5055 66.0000
272887.7558 44.0000
272888.0058 22.0000
272888.2557 66.0000
272888.5053 55.0000
272888.7554 66.0000
272889.0053 44.0000
272889.2553 66.0000
272889.5058 22.0000
272889.7556 55.0000
272890.0054 22.0000
272890.2553 66.0000
272890.5054 22.0000
272890.7559 11.0000
272891.0053 22.0000
272891.2556 66.0000
272891.5053 55.0000
272891.7553 22.0000
272892.0054 44.0000
272892.2553 55.0000
272892.5054 44.0000
272892.7555 55.0000
272893.0053 44.0000
272893.2553 33.0000
272893.5053 44.0000
272893.7560 55.0000
272894.0053 11.0000
272894.2553 44.0000
272894.5053 33.0000
272894.7569 66.0000
272895.0056 33.0000
272895.2553 22.0000
272895.5053 33.0000
272895.7557 66.0000
272896.0053 44.0000
272896.2552 22.0000
272896.5053 11.0000
272896.7553 33.0000
272897.0054 22.0000
272897.2553 33.0000
272897.5053 55.0000
272897.7553 44.0000
272898.0053 55.0000
272898.2555 66.0000
272898.5053 11.0000
272898.7552 33.0000
272899.0053 66.0000
272899.2553 22.0000
272899.5053 66.0000
272899.7552 11.0000
272900.0053 22.0000
272900.2553 33.0000
272900.5054 22.0000
272900.7553 44.0000
272901.0053 55.0000
272901.2552 33.0000
272901.5055 22.0000
272901.7558 55.0000
272902.0053 66.0000
272902.2552 55.0000
272902.5054 44.0000
272902.7553 22.0000
272903.0052 33.0000
272903.2558 22.0000
272903.5056 33.0000
272903.7552 55.0000
272904.0052 33.0000
272904.2553 22.0000
272904.5052 33.0000
272904.7552 22.0000
272905.0053 33.0000
272905.2554 44.0000
272905.5056 22.0000
272905.7552 44.0000
272906.0052 22.0000
272906.2552 33.0000
272906.5053 22.0000
272906.7552 44.0000
272907.0052 22.0000
272907.2557 55.0000
272907.5061 44.0000
272907.7553 22.0000
272908.0055 44.0000
272908.2552 33.0000
272908.5052 55.0000
272908.7552 33.0000
272909.0052 22.0000
272909.2553 44.0000
272909.5118 33.0000
272909.7551 22.0000
272910.0052 44.0000
272910.2559 66.0000
272910.5052 22.0000
272910.7552 44.0000
272911.0052 55.0000
272911.2552 11.0000
272911.5052 44.0000
272911.7553 55.0000
272912.0052 44.0000
272912.2554 33.0000
272912.5052 66.0000
272912.7552 33.0000
272913.0057 55.0000
272913.2552 33.0000
272913.5052 44.0000
272913.7552 33.0000
272914.0052 55.0000
272914.2552 33.0000
272914.5052 44.0000
272914.7552 33.0000
272915.0053 11.0000
272915.2552 55.0000
272915.5052 33.0000
272915.7553 66.0000
272916.0052 33.0000
272916.2559 66.0000
272916.5052 33.0000
272916.7551 55.0000
272917.0052 33.0000
272917.2552 66.0000
272917.5057 44.0000
272917.7559 55.0000
272918.0052 33.0000
272918.2552 55.0000
272918.5052 22.0000
272918.7552 55.0000
272919.0052 44.0000
272919.2555 55.0000
272919.5053 44.0000
272919.7554 66.0000
272920.0052 55.0000
272920.2557 66.0000
272920.5051 44.0000
272920.7552 33.0000
272921.0052 22.0000
272921.2552 44.0000
272921.5059 11.0000
272921.7551 33.0000
272922.0052 22.0000
272922.2551 66.0000
272922.5055 22.0000
272922.7555 11.0000
272923.0056 22.0000
272923.2552 11.0000
272923.5052 22.0000
272923.7552 33.0000
272924.0052 22.0000
272924.2552 44.0000
272924.5052 22.0000
272924.7552 11.0000
272925.0052 22.0000
272925.2552 33.0000
272925.5053 22.0000
272925.7553 11.0000
272926.0052 55.0000
272926.2552 11.0000
272926.5052 22.0000
272926.7552 11.0000
272927.0052 55.0000
272927.2552 11.0000
272927.5051 66.0000
272927.7552 33.0000
272928.0051 66.0000
272928.2552 22.0000
272928.5052 55.0000
272928.7552 66.0000
272929.0052 55.0000
272929.2552 33.0000
272929.5051 44.0000
272929.7552 22.0000
272930.0052 44.0000
272930.2552 11.0000
272930.5051 22.0000
272930.7555 44.0000
272931.0054 22.0000
272931.2552 11.0000
272931.5051 22.0000
272931.7552 11.0000
272932.0053 55.0000
272932.2556 33.0000
272932.5052 11.0000
272932.7554 44.0000
272933.0051 11.0000
272933.2552 66.0000
272933.5055 11.0000
272933.7552 55.0000
272934.0051 11.0000
272934.2552 66.0000
272934.5052 11.0000
272934.7553 66.0000
272935.0058 44.0000
272935.2551 66.0000
272935.5051 33.0000
272935.7552 66.0000
272936.0053 33.0000
272936.2552 11.0000
272936.5050 33.0000
272936.7554 55.0000
272937.0055 11.0000
272937.2552 66.0000
272937.5051 22.0000
272937.7552 11.0000
272938.0052 22.0000
272938.2552 55.0000
272938.5051 22.0000
272938.7552 66.0000
272939.0051 22.0000
272939.2551 55.0000
272939.5051 22.0000
272939.7553 44.0000
272940.0056 22.0000
272940.2552 55.0000
272940.5051 44.0000
272940.7551 22.0000
272941.0051 44.0000
272941.2551 66.0000
272941.5059 22.0000
272941.7551 11.0000
272942.0056 22.0000
272942.2551 33.0000
272942.5051 44.0000
272942.7551 33.0000
272943.0051 22.0000
272943.2551 33.0000
272943.5051 11.0000
272943.7551 33.0000
272944.0056 22.0000
272944.2552 33.0000
272944.5051 11.0000
272944.7550 44.0000
272945.0051 33.0000
272945.2557 66.0000
272945.5051 44.0000
272945.7551 11.0000
272946.0051 66.0000
272946.2551 22.0000
272946.5051 66.0000
272946.7555 11.0000
272947.0051 22.0000
272947.2551 11.0000
272947.5051 66.0000
272947.7551 11.0000
272948.0055 44.0000
272948.2556 11.0000
272948.5059 22.0000
272948.7551 11.0000
272949.0051 44.0000
272949.2551 33.0000
272949.5051 44.0000
272949.7551 11.0000
272950.0050 55.0000
272950.2551 11.0000
272950.5053 22.0000
272950.7551 11.0000
272951.0056 55.0000
272951.2551 11.0000
272951.5051 66.0000
272951.7551 11.0000
272952.0051 44.0000
272952.2551 66.0000
272952.5051 33.0000
272952.7551 66.0000
272953.0053 22.0000
272953.2551 55.0000
272953.5051 44.0000
272953.7550 55.0000
272954.0051 44.0000
272954.2551 22.0000
272954.5051 44.0000
272954.7553 11.0000
272955.0051 22.0000
272955.2551 66.0000
272955.5051 22.0000
272955.7551 44.0000
272956.0051 66.0000
272956.2551 11.0000
272956.5050 66.0000
272956.7550 55.0000
272957.0051 66.0000
272957.2550 33.0000
272957.5053 44.0000
272957.7551 33.0000
272958.0050 22.0000
272958.2556 55.0000
272958.5052 22.0000
272958.7550 33.0000
272959.0051 22.0000
272959.2551 33.0000
272959.5051 22.0000
272959.7551 44.0000
272960.0051 22.0000
272960.2558 55.0000
272960.5055 22.0000
272960.7550 33.0000
272961.0051 22.0000
272961.2551 44.0000
272961.5050 22.0000
272961.7550 66.0000
272962.0051 33.0000
272962.2550 66.0000
272962.5053 33.0000
272962.7551 22.0000
272963.0051 33.0000
272963.2550 22.0000
272963.5053 66.0000
272963.7550 33.0000
272964.0053 66.0000
272964.2550 33.0000
272964.5050 66.0000
272964.7550 55.0000
272965.0051 66.0000
272965.2550 33.0000
272965.5050 44.0000
272965.7555 33.0000
272966.0051 55.0000
272966.2550 33.0000
272966.5050 22.0000
272966.7551 33.0000
272967.0050 44.0000
272967.2549 66.0000
272967.5056 44.0000
272967.7551 11.0000
272968.0051 33.0000
272968.2550 55.0000
272968.5051 22.0000
272968.7551 55.0000
272969.0050 33.0000
272969.2550 55.0000
272969.5050 33.0000
272969.7550 55.0000
272970.0050 44.0000
272970.2550 22.0000
272970.5052 66.0000
272970.7550 55.0000
272971.0050 22.0000
272971.2553 44.0000
272971.5052 55.0000
272971.7551 33.0000
272972.0051 11.0000
272972.2550 33.0000
272972.5056 55.0000
272972.7550 22.0000
272973.0051 66.0000
272973.2550 11.0000
272973.5056 22.0000
272973.7550 11.0000
272974.0051 66.0000
272974.2550 55.0000
272974.5050 11.0000
272974.7552 33.0000
272975.0051 55.0000
272975.2550 22.0000
272975.5050 55.0000
272975.7550 44.0000
272976.0050 55.0000
272976.2550 22.0000
272976.5050 55.0000
272976.7550 11.0000
272977.0050 66.0000
272977.2549 11.0000
272977.5050 22.0000
272977.7550 66.0000
272978.0050 11.0000
272978.2575 22.0000
272978.5052 33.0000
272978.7550 22.0000
272979.0050 11.0000
272979.2549 22.0000
272979.5050 33.0000
272979.7550 55.0000
272980.0054 11.0000
272980.2550 66.0000
272980.5049 22.0000
272980.7549 55.0000
272981.0050 22.0000
272981.2554 66.0000
272981.5049 33.0000
272981.7549 22.0000
272982.0049 33.0000
272982.2550 66.0000
272982.5050 44.0000
272982.7550 22.0000
272983.0050 44.0000
272983.2550 22.0000
272983.5050 66.0000
272983.7550 33.0000
272984.0049 11.0000
272984.2550 55.0000
272984.5050 44.0000
272984.7555 33.0000
272985.0050 11.0000
272985.2554 33.0000
272985.5050 66.0000
272985.7551 33.0000
272986.0050 55.0000
272986.2548 44.0000
272986.5053 55.0000
272986.7553 33.0000
272987.0054 44.0000
272987.2550 11.0000
272987.5050 55.0000
272987.7554 11.0000
272988.0050 55.0000
272988.2550 66.0000
272988.5050 55.0000
272988.7550 11.0000
272989.0049 66.0000
272989.2549 22.0000
272989.5049 33.0000
272989.7549 55.0000
272990.0050 22.0000
272990.2549 11.0000
272990.5054 44.0000
272990.7549 11.0000
272991.0049 33.0000
272991.2549 44.0000
272991.5049 22.0000
272991.7549 66.0000
272992.0049 55.0000
272992.2556 22.0000
272992.5049 33.0000
272992.7550 11.0000
272993.0049 33.0000
272993.2549 11.0000
272993.5049 66.0000
272993.7549 11.0000
272994.0049 55.0000
272994.2554 44.0000
272994.5049 66.0000
272994.7549 44.0000
272995.0049 55.0000
272995.2554 44.0000
272995.5048 11.0000
272995.7551 44.0000
272996.0051 55.0000
272996.2549 33.0000
272996.5049 22.0000
272996.7549 33.0000
272997.0049 66.0000
272997.2549 44.0000
272997.5049 66.0000
272997.7549 22.0000
272998.0049 11.0000
272998.2549 22.0000
272998.5050 66.0000
272998.7549 55.0000
272999.0049 22.0000
272999.2549 11.0000
272999.5049 44.0000
272999.7550 22.0000
273000.0049 66.0000
273000.2550 33.0000
273000.5049 44.0000
273000.7549 22.0000
273001.0049 44.0000
273001.2550 55.0000
273001.5051 22.0000
273001.7549 11.0000
273002.0049 66.0000
273002.2550 11.0000
273002.5050 22.0000
273002.7550 55.0000
273003.0049 11.0000
273003.2549 66.0000
273003.5054 22.0000
273003.7549 33.0000
273004.0049 55.0000
273004.2549 66.0000
273004.5049 55.0000
273004.7550 22.0000
273005.0049 33.0000
273005.2549 11.0000
273005.5049 44.0000
273005.7549 11.0000
273006.0049 44.0000
273006.2549 11.0000
273006.5049 33.0000
273006.7549 11.0000
273007.0051 66.0000
273007.2549 55.0000
273007.5051 44.0000
273007.7549 55.0000
273008.0052 66.0000
273008.2549 11.0000
273008.5049 22.0000
273008.7549 66.0000
273009.0049 33.0000
273009.2550 22.0000
273009.5049 44.0000
273009.7555 33.0000
273010.0050 11.0000
273010.2549 55.0000
273010.5049 22.0000
273010.7549 11.0000
273011.0049 55.0000
273011.2549 11.0000
273011.5049 22.0000
273011.7549 66.0000
273012.0049 33.0000
273012.2554 11.0000
273012.5049 44.0000
273012.7549 66.0000
273013.0049 44.0000
273013.2549 11.0000
273013.5049 66.0000
273013.7549 55.0000
273014.0049 66.0000
273014.2548 11.0000
273014.5051 55.0000
273014.7548 11.0000
273015.0048 44.0000
273015.2548 22.0000
273015.5053 55.0000
273015.7548 33.0000
273016.0048 66.0000
273016.2548 55.0000
273016.5049 11.0000
273016.7548 22.0000
273017.0051 55.0000
273017.2548 22.0000
273017.5053 55.0000
273017.7549 66.0000
273018.0049 11.0000
273018.2555 55.0000
273018.5048 11.0000
273018.7548 33.0000
273019.0052 44.0000
273019.2548 33.0000
273019.5049 66.0000
273019.7551 11.0000
273020.0053 66.0000
273020.2549 55.0000
273020.5048 44.0000
273020.7548 33.0000
273021.0048 11.0000
273021.2550 66.0000
273021.5048 22.0000
273021.7548 11.0000
273022.0048 22.0000
273022.2553 44.0000
273022.5048 11.0000
273022.7548 22.0000
273023.0048 11.0000
273023.2548 44.0000
273023.5048 33.0000
273023.7548 55.0000
273024.0048 33.0000
273024.2550 55.0000
273024.5048 33.0000
273024.7548 55.0000
273025.0048 33.0000
273025.2554 66.0000
273025.5048 44.0000
273025.7548 11.0000
273026.0048 22.0000
273026.2549 44.0000
273026.5048 55.0000
273026.7548 11.0000
273027.0048 33.0000
273027.2551 22.0000
273027.5048 55.0000
273027.7548 22.0000
273028.0051 11.0000
273028.2548 44.0000
273028.5048 66.0000
273028.7548 33.0000
273029.0055 66.0000
273029.2552 33.0000
273029.5053 22.0000
273029.7552 55.0000
273030.0048 33.0000
273030.2548 55.0000
273030.5059 66.0000
273030.7550 22.0000
273031.0048 55.0000
273031.2548 44.0000
273031.5048 66.0000
273031.7553 55.0000
273032.0048 66.0000
273032.2550 44.0000
273032.5048 33.0000
273032.7553 22.0000
273033.0048 66.0000
273033.2548 22.0000
273033.5049 55.0000
273033.7548 44.0000
273034.0050 33.0000
273034.2554 44.0000
273034.5048 11.0000
273034.7552 22.0000
273035.0048 55.0000
273035.2548 22.0000
273035.5048 33.0000
273035.7548 55.0000
273036.0049 66.0000
273036.2548 33.0000
273036.5053 55.0000
273036.7550 11.0000
273037.0050 44.0000
273037.2548 66.0000
273037.5063 11.0000
273037.7548 66.0000
273038.0080 33.0000
273038.2547 66.0000
273038.5048 22.0000
273038.7548 44.0000
273039.0053 22.0000
273039.2548 66.0000
273039.5048 33.0000
273039.7548 22.0000
273040.0048 55.0000
273040.2548 33.0000
273040.5048 55.0000
273040.7548 33.0000
273041.0049 55.0000
273041.2548 33.0000
273041.5048 55.0000
273041.7553 33.0000
273042.0048 55.0000
273042.2548 66.0000
273042.5048 55.0000
273042.7549 44.0000
273043.0055 66.0000
273043.2548 55.0000
273043.5048 66.0000
273043.7552 22.0000
273044.0048 55.0000
273044.2547 11.0000
273044.5055 22.0000
273044.7549 44.0000
273045.0048 33.0000
273045.2548 44.0000
273045.5048 33.0000
273045.7548 44.0000
273046.0049 22.0000
273046.2548 44.0000
273046.5052 11.0000
273046.7547 55.0000
273047.0049 11.0000
273047.2548 55.0000
273047.5048 44.0000
273047.7548 55.0000
273048.0048 22.0000
273048.2549 44.0000
273048.5052 66.0000
273048.7548 55.0000
273049.0047 22.0000
273049.2548 33.0000
273049.5053 66.0000
273049.7547 11.0000
273050.0047 44.0000
273050.2547 33.0000
273050.5047 44.0000
273050.7547 66.0000
273051.0048 11.0000
273051.2551 22.0000
273051.5047 66.0000
273051.7552 11.0000
273052.0047 22.0000
273052.2548 66.0000
273052.5047 11.0000
273052.7547 44.0000
273053.0047 22.0000
273053.2548 66.0000
273053.5052 33.0000
273053.7547 22.0000
273054.0047 66.0000
273054.2552 55.0000
273054.5047 11.0000
273054.7552 55.0000
273055.0047 33.0000
273055.2549 11.0000
273055.5047 22.0000
273055.7547 55.0000
273056.0047 44.0000
273056.2547 33.0000
273056.5047 22.0000
273056.7547 11.0000
273057.0047 33.0000
273057.2547 66.0000
273057.5047 55.0000
273057.7547 66.0000
273058.0047 55.0000
273058.2547 44.0000
273058.5046 22.0000
273058.7547 33.0000
273059.0047 11.0000
273059.2547 33.0000
273059.5047 44.0000
273059.7547 66.0000
273060.0047 33.0000
273060.2548 55.0000
273060.5047 11.0000
273060.7547 44.0000
273061.0047 55.0000
273061.2547 11.0000
273061.5047 66.0000
273061.7547 33.0000
273062.0052 22.0000
273062.2549 66.0000
273062.5046 55.0000
273062.7547 11.0000
273063.0047 33.0000
273063.2546 22.0000
273063.5051 55.0000
273063.7547 22.0000
273064.0047 66.0000
273064.2547 44.0000
273064.5047 66.0000
273064.7554 22.0000
273065.0048 66.0000
273065.2553 22.0000
273065.5047 11.0000
273065.7548 33.0000
273066.0049 55.0000
273066.2549 66.0000
273066.5057 11.0000
273066.7549 22.0000
273067.0047 44.0000
273067.2549 66.0000
273067.5047 22.0000
273067.7547 11.0000
273068.0054 44.0000
273068.2546 55.0000
273068.5051 22.0000
273068.7547 44.0000
273069.0047 33.0000
273069.2547 11.0000
273069.5128 33.0000
273069.7546 66.0000
273070.0046 33.0000
273070.2547 22.0000
273070.5047 44.0000
273070.7550 33.0000
273071.0046 44.0000
273071.2546 55.0000
273071.5048 44.0000
273071.7547 66.0000
273072.0046 22.0000
273072.2547 33.0000
273072.5047 55.0000
273072.7547 22.0000
273073.0050 44.0000
273073.2547 55.0000
273073.5047 22.0000
273073.7546 55.0000
273074.0047 11.0000
273074.2547 33.0000
273074.5047 44.0000
273074.7547 11.0000
273075.0046 55.0000
273075.2547 66.0000
273075.5046 44.0000
273075.7546 55.0000
273076.0046 44.0000
273076.2559 66.0000
273076.5046 33.0000
273076.7549 11.0000
273077.0047 44.0000
273077.2546 55.0000
273077.5048 44.0000
273077.7547 33.0000
273078.0047 22.0000
273078.2547 44.0000
273078.5047 33.0000
273078.7549 55.0000
273079.0046 44.0000
273079.2547 33.0000
273079.5047 55.0000
273079.7546 11.0000
273080.0051 55.0000
273080.2547 33.0000
273080.5046 22.0000
273080.7547 33.0000
273081.0048 22.0000
273081.2549 11.0000
273081.5046 66.0000
273081.7547 33.0000
273082.0048 66.0000
273082.2547 44.0000
273082.5046 55.0000
273082.7547 66.0000
273083.0047 11.0000
273083.2548 33.0000
273083.5046 66.0000
273083.7547 33.0000
273084.0046 66.0000
273084.2547 33.0000
273084.5046 44.0000
273084.7547 11.0000
273085.0046 55.0000
273085.2547 22.0000
273085.5046 11.0000
273085.7546 33.0000
273086.0049 66.0000
273086.2546 33.0000
273086.5045 44.0000
273086.7546 11.0000
273087.0046 33.0000
273087.2546 22.0000
273087.5046 66.0000
273087.7546 44.0000
273088.0046 33.0000
273088.2554 22.0000
273088.5046 66.0000
273088.7546 44.0000
273089.0048 22.0000
273089.2551 55.0000
273089.5046 22.0000
273089.7546 44.0000
273090.0048 66.0000
273090.2546 44.0000
273090.5046 33.0000
273090.7546 11.0000
273091.0046 33.0000
273091.2556 11.0000
273091.5046 55.0000
273091.7546 33.0000
273092.0046 11.0000
273092.2546 66.0000
273092.5046 44.0000
273092.7546 11.0000
273093.0046 44.0000
273093.2546 11.0000
273093.5046 44.0000
273093.7546 55.0000
273094.0050 33.0000
273094.2548 55.0000
273094.5046 66.0000
273094.7545 22.0000
273095.0046 55.0000
273095.2546 22.0000
273095.5051 66.0000
273095.7546 44.0000
273096.0046 55.0000
273096.2546 11.0000
273096.5046 33.0000
273096.7546 44.0000
273097.0046 33.0000
273097.2546 44.0000
273097.5046 55.0000
273097.7545 11.0000
273098.0048 66.0000
273098.2546 33.0000
273098.5046 22.0000
273098.7545 33.0000
273099.0046 66.0000
273099.2546 11.0000
273099.5046 55.0000
273099.7546 33.0000
273100.0050 55.0000
273100.2547 22.0000
273100.5046 11.0000
273100.7545 44.0000
273101.0049 66.0000
273101.2550 44.0000
273101.5047 55.0000
273101.7545 11.0000
273102.0045 44.0000
273102.2547 66.0000
273102.5051 55.0000
273102.7547 44.0000
273103.0047 55.0000
273103.2546 22.0000
273103.5050 44.0000
273103.7547 33.0000
273104.0050 55.0000
273104.2546 33.0000
273104.5045 66.0000
273104.7553 11.0000
273105.0053 33.0000
273105.2545 66.0000
273105.5046 11.0000
273105.7545 44.0000
273106.0045 55.0000
273106.2546 33.0000
273106.5045 11.0000
273106.7545 66.0000
273107.0045 33.0000
273107.2547 22.0000
273107.5045 44.0000
273107.7545 22.0000
273108.0047 66.0000
273108.2545 44.0000
273108.5048 33.0000
273108.7546 22.0000
273109.0046 66.0000
273109.2545 11.0000
273109.5046 22.0000
273109.7550 55.0000
273110.0046 33.0000
273110.2545 22.0000
273110.5045 11.0000
273110.7545 44.0000
273111.0051 11.0000
273111.2545 44.0000
273111.5046 66.0000
273111.7545 33.0000
273112.0046 66.0000
273112.2545 55.0000
273112.5050 66.0000
273112.7545 44.0000
273113.0045 55.0000
273113.2545 33.0000
273113.5045 55.0000
273113.7545 11.0000
273114.0046 55.0000
273114.2545 33.0000
273114.5049 44.0000
273114.7547 11.0000
273115.0053 66.0000
273115.2547 55.0000
273115.5045 33.0000
273115.7545 22.0000
273116.0045 66.0000
273116.2553 11.0000
273116.5047 66.0000
273116.7549 11.0000
273117.0046 66.0000
273117.2548 33.0000
273117.5045 11.0000
273117.7545 44.0000
273118.0045 66.0000
273118.2545 33.0000
273118.5047 55.0000
273118.7545 11.0000
273119.0046 55.0000
273119.2545 22.0000
273119.5046 44.0000
273119.7547 11.0000
273120.0045 33.0000
273120.2545 66.0000
273120.5045 33.0000
273120.7545 22.0000
273121.0049 44.0000
273121.2545 22.0000
273121.5045 66.0000
273121.7547 11.0000
273122.0045 55.0000
273122.2550 22.0000
273122.5047 55.0000
273122.7545 11.0000
273123.0045 22.0000
273123.2545 33.0000
273123.5049 11.0000
273123.7545 33.0000
273124.0045 66.0000
273124.2550 33.0000
273124.5054 55.0000
273124.7549 11.0000
273125.0047 33.0000
273125.2544 55.0000
273125.5044 33.0000
273125.7545 44.0000
273126.0045 66.0000
273126.2544 33.0000
273126.5044 66.0000
273126.7549 33.0000
273127.0045 22.0000
273127.2544 55.0000
273127.5045 44.0000
273127.7544 33.0000
273128.0044 44.0000
273128.2549 22.0000
273128.5044 44.0000
273128.7545 33.0000
273129.0046 22.0000
273129.2545 44.0000
273129.5044 66.0000
273129.7544 22.0000
273130.0047 66.0000
273130.2545 44.0000
273130.5045 33.0000
273130.7545 66.0000
273131.0049 33.0000
273131.2545 66.0000
273131.5047 11.0000
273131.7545 55.0000
273132.0045 66.0000
273132.2549 33.0000
273132.5044 55.0000
273132.7555 11.0000
273133.0047 22.0000
273133.2545 66.0000
273133.5045 55.0000
273133.7544 33.0000
273134.0044 44.0000
273134.2549 66.0000
273134.5045 11.0000
273134.7544 22.0000
273135.0044 66.0000
273135.2544 22.0000
273135.5046 11.0000
273135.7544 22.0000
273136.0044 44.0000
273136.2547 33.0000
273136.5047 22.0000
273136.7544 11.0000
273137.0044 55.0000
273137.2544 66.0000
273137.5046 22.0000
273137.7544 44.0000
273138.0045 22.0000
273138.2545 11.0000
273138.5044 44.0000
273138.7544 66.0000
273139.0044 55.0000
273139.2544 33.0000
273139.5045 66.0000
273139.7544 44.0000
273140.0051 11.0000
273140.2544 66.0000
273140.5044 44.0000
273140.7545 11.0000
273141.0044 66.0000
273141.2546 33.0000
273141.5048 66.0000
273141.7544 33.0000
273142.0050 66.0000
273142.2546 33.0000
273142.5044 22.0000
273142.7544 44.0000
273143.0046 33.0000
273143.2546 11.0000
273143.5044 66.0000
273143.7545 33.0000
273144.0044 22.0000
273144.2544 66.0000
273144.5044 33.0000
273144.7551 22.0000
273145.0044 44.0000
273145.2546 11.0000
273145.5044 33.0000
273145.7544 55.0000
273146.0049 22.0000
273146.2544 33.0000
273146.5044 66.0000
273146.7544 44.0000
273147.0047 11.0000
273147.2549 33.0000
273147.5044 44.0000
273147.7545 55.0000
273148.0044 66.0000
273148.2544 44.0000
273148.5044 55.0000
273148.7544 11.0000
273149.0044 44.0000
273149.2544 55.0000
273149.5044 44.0000
273149.7544 22.0000
273150.0046 33.0000
273150.2544 55.0000
273150.5046 22.0000
273150.7550 44.0000
273151.0048 11.0000
273151.2550 55.0000
273151.5046 11.0000
273151.7547 55.0000
273152.0044 44.0000
273152.2551 11.0000
273152.5044 66.0000
273152.7544 22.0000
273153.0044 33.0000
273153.2544 44.0000
273153.5044 33.0000
273153.7545 22.0000
273154.0048 55.0000
273154.2544 33.0000
273154.5045 44.0000
273154.7549 22.0000
273155.0048 55.0000
273155.2545 66.0000
273155.5044 55.0000
273155.7544 66.0000
273156.0044 33.0000
273156.2547 44.0000
273156.5044 33.0000
273156.7544 22.0000
273157.0043 66.0000
273157.2544 55.0000
273157.5044 66.0000
273157.7543 55.0000
273158.0046 66.0000
273158.2543 11.0000
273158.5046 33.0000
273158.7544 11.0000
273159.0044 55.0000
273159.2544 33.0000
273159.5043 22.0000
273159.7543 11.0000
273160.0043 44.0000
273160.2543 55.0000
273160.5044 22.0000
273160.7545 55.0000
273161.0043 22.0000
273161.2544 33.0000
273161.5043 66.0000
273161.7543 33.0000
273162.0043 55.0000
273162.2544 22.0000
273162.5048 66.0000
273162.7545 55.0000
273163.0051 22.0000
273163.2543 11.0000
273163.5043 33.0000
273163.7543 44.0000
273164.0043 33.0000
273164.2543 44.0000
273164.5043 11.0000
273164.7545 22.0000
273165.0043 33.0000
273165.2544 22.0000
273165.5047 66.0000
273165.7545 11.0000
273166.0045 66.0000
273166.2543 44.0000
273166.5043 66.0000
273166.7544 11.0000
273167.0044 66.0000
273167.2543 33.0000
273167.5047 66.0000
273167.7545 44.0000
273168.0043 66.0000
273168.2543 11.0000
273168.5045 33.0000
273168.7543 44.0000
273169.0043 22.0000
273169.2543 33.0000
273169.5046 44.0000
273169.7543 22.0000
273170.0043 11.0000
273170.2543 55.0000
273170.5048 44.0000
273170.7543 22.0000
273171.0043 44.0000
273171.2543 33.0000
273171.5043 44.0000
273171.7545 22.0000
273172.0045 33.0000
273172.2543 11.0000
273172.5043 44.0000
273172.7543 55.0000
273173.0046 33.0000
273173.2543 66.0000
273173.5043 55.0000
273173.7544 11.0000
273174.0048 66.0000
273174.2543 11.0000
273174.5043 33.0000
273174.7543 11.0000
273175.0042 33.0000
273175.2543 44.0000
273175.5043 33.0000
273175.7543 22.0000
273176.0045 11.0000
273176.2543 33.0000
273176.5043 55.0000
273176.7543 66.0000
273177.0043 44.0000
273177.2545 11.0000
273177.5044 33.0000
273177.7543 44.0000
273178.0043 11.0000
273178.2543 44.0000
273178.5043 22.0000
273178.7546 66.0000
273179.0049 55.0000
273179.2545 22.0000
273179.5043 33.0000
273179.7543 66.0000
273180.0043 55.0000
273180.2543 22.0000
273180.5047 66.0000
273180.7543 11.0000
273181.0043 22.0000
273181.2542 66.0000
273181.5043 33.0000
273181.7543 66.0000
273182.0043 22.0000
273182.2543 33.0000
273182.5043 66.0000
273182.7542 55.0000
273183.0043 11.0000
273183.2543 33.0000
273183.5046 22.0000
273183.7543 44.0000
273184.0043 11.0000
273184.2543 33.0000
273184.5043 11.0000
273184.7546 33.0000
273185.0043 55.0000
273185.2543 66.0000
273185.5047 55.0000
273185.7543 33.0000
273186.0043 22.0000
273186.2542 33.0000
273186.5043 22.0000
273186.7544 33.0000
273187.0043 11.0000
273187.2542 55.0000
273187.5043 11.0000
273187.7542 66.0000
273188.0045 44.0000
273188.2542 33.0000
273188.5043 44.0000
273188.7543 33.0000
273189.0043 55.0000
273189.2543 66.0000
273189.5057 33.0000
273189.7546 55.0000
273190.0043 33.0000
273190.2543 55.0000
273190.5045 44.0000
273190.7544 66.0000
273191.0043 11.0000
273191.2546 44.0000
273191.5046 11.0000
273191.7543 44.0000
273192.0043 11.0000
273192.2544 44.0000
273192.5043 66.0000
273192.7544 11.0000
273193.0048 55.0000
273193.2542 11.0000
273193.5048 44.0000
273193.7542 11.0000
273194.0042 44.0000
273194.2547 11.0000
273194.5042 55.0000
273194.7542 22.0000
273195.0042 11.0000
273195.2545 66.0000
273195.5042 33.0000
273195.7543 22.0000
273196.0043 33.0000
273196.2542 55.0000
273196.5042 11.0000
273196.7543 44.0000
273197.0042 55.0000
273197.2547 44.0000
273197.5051 33.0000
273197.7542 44.0000
273198.0042 66.0000
273198.2542 33.0000
273198.5042 11.0000
273198.7543 66.0000
273199.0042 44.0000
273199.2542 55.0000
273199.5042 44.0000
273199.7542 55.0000
273200.0042 33.0000
273200.2547 11.0000
273200.5042 33.0000
273200.7542 55.0000
273201.0042 66.0000
273201.2542 33.0000
273201.5042 44.0000
273201.7544 11.0000
273202.0043 66.0000
273202.2542 11.0000
273202.5045 22.0000
273202.7542 11.0000
273203.0043 44.0000
273203.2542 33.0000
273203.5042 66.0000
273203.7548 22.0000
273204.0042 44.0000
273204.2542 66.0000
273204.5042 22.0000
273204.7542 55.0000
273205.0042 66.0000
273205.2542 55.0000
273205.5042 11.0000
273205.7542 55.0000
273206.0049 33.0000
273206.2542 11.0000
273206.5042 66.0000
273206.7542 11.0000
273207.0042 44.0000
273207.2542 55.0000
273207.5045 44.0000
273207.7542 22.0000
273208.0042 33.0000
273208.2542 44.0000
273208.5043 22.0000
273208.7542 11.0000
273209.0042 55.0000
273209.2543 22.0000
273209.5044 55.0000
273209.7541 44.0000
273210.0042 11.0000
273210.2542 33.0000
273210.5041 66.0000
273210.7542 44.0000
273211.0042 55.0000
273211.2542 44.0000
273211.5044 55.0000
273211.7542 66.0000
273212.0042 33.0000
273212.2545 66.0000
273212.5042 55.0000
273212.7543 33.0000
273213.0042 55.0000
273213.2542 11.0000
273213.5041 33.0000
273213.7544 55.0000
273214.0044 33.0000
273214.2542 66.0000
273214.5042 55.0000
273214.7542 44.0000
273215.0049 55.0000
273215.2541 22.0000
273215.5041 33.0000
273215.7542 11.0000
273216.0042 55.0000
273216.2546 44.0000
273216.5044 55.0000
273216.7542 33.0000
273217.0044 66.0000
273217.2542 33.0000
273217.5045 66.0000
273217.7544 22.0000
273218.0042 11.0000
273218.2540 55.0000
273218.5042 11.0000
273218.7542 22.0000
273219.0054 44.0000
273219.2549 33.0000
273219.5043 66.0000
273219.7546 11.0000
273220.0042 66.0000
273220.2542 22.0000
273220.5042 11.0000
273220.7542 22.0000
273221.0041 11.0000
273221.2542 55.0000
273221.5042 44.0000
273221.7542 11.0000
273222.0041 22.0000
273222.2542 44.0000
273222.5049 33.0000
273222.7542 44.0000
273223.0044 22.0000
273223.2541 44.0000
273223.5044 22.0000
273223.7542 11.0000
273224.0041 44.0000
273224.2542 55.0000
273224.5041 33.0000
273224.7541 55.0000
273225.0041 44.0000
273225.2542 55.0000
273225.5041 33.0000
273225.7542 55.0000
273226.0043 22.0000
273226.2542 11.0000
273226.5041 66.0000
273226.7541 11.0000
273227.0041 55.0000
273227.2544 11.0000
273227.5041 55.0000
273227.7546 33.0000
273228.0044 55.0000
273228.2542 33.0000
273228.5041 11.0000
273228.7542 66.0000
273229.0041 33.0000
273229.2543 44.0000
273229.5041 11.0000
273229.7541 44.0000
273230.0040 22.0000
273230.2541 33.0000
273230.5041 22.0000
273230.7541 66.0000
273231.0043 22.0000
273231.2547 11.0000
273231.5044 33.0000
273231.7546 55.0000
273232.0043 66.0000
273232.2541 22.0000
273232.5041 55.0000
273232.7541 22.0000
273233.0041 55.0000
273233.2540 11.0000
273233.5041 22.0000
273233.7541 33.0000
273234.0041 55.0000
273234.2541 11.0000
273234.5046 55.0000
273234.7541 33.0000
273235.0041 44.0000
273235.2541 55.0000
273235.5043 11.0000
273235.7541 55.0000
273236.0041 33.0000
273236.2543 22.0000
273236.5043 66.0000
273236.7541 44.0000
273237.0042 33.0000
273237.2541 44.0000
273237.5050 66.0000
273237.7541 44.0000
273238.0041 11.0000
273238.2542 55.0000
273238.5041 44.0000
273238.7548 11.0000
273239.0041 66.0000
273239.2541 22.0000
273239.5041 44.0000
273239.7541 55.0000
273240.0043 44.0000
273240.2545 55.0000
273240.5041 11.0000
273240.7541 22.0000
273241.0041 44.0000
273241.2561 55.0000
273241.5043 44.0000
273241.7541 55.0000
273242.0043 44.0000
273242.2541 55.0000
273242.5044 22.0000
273242.7541 33.0000
273243.0048 55.0000
273243.2542 11.0000
273243.5040 44.0000
273243.7543 11.0000
273244.0041 44.0000
273244.2542 11.0000
273244.5043 33.0000
273244.7545 55.0000
273245.0040 44.0000
273245.2540 66.0000
273245.5040 44.0000
273245.7541 66.0000
273246.0040 55.0000
273246.2551 22.0000
273246.5040 44.0000
273246.7540 66.0000
273247.0041 55.0000
273247.2541 66.0000
273247.5041 22.0000
273247.7541 11.0000
273248.0041 44.0000
273248.2540 33.0000
273248.5041 44.0000
273248.7541 11.0000
273249.0041 66.0000
273249.2540 22.0000
273249.5040 55.0000
273249.7543 33.0000
273250.0044 44.0000
273250.2541 66.0000
273250.5042 22.0000
273250.7541 33.0000
273251.0051 44.0000
273251.2545 55.0000
273251.5040 11.0000
273251.7540 22.0000
273252.0040 33.0000
273252.2540 44.0000
273252.5041 33.0000
273252.7541 22.0000
273253.0040 11.0000
273253.2540 33.0000
273253.5041 44.0000
273253.7541 33.0000
273254.0041 22.0000
273254.2540 55.0000
273254.5040 22.0000
273254.7542 66.0000
273255.0041 11.0000
273255.2540 22.0000
273255.5044 11.0000
273255.7542 44.0000
273256.0039 11.0000
273256.2540 66.0000
273256.5041 22.0000
273256.7540 55.0000
273257.0048 11.0000
273257.2540 55.0000
273257.5040 22.0000
273257.7540 44.0000
273258.0041 55.0000
273258.2540 66.0000
273258.5042 22.0000
273258.7544 11.0000
273259.0041 66.0000
273259.2540 22.0000
273259.5041 33.0000
273259.7540 66.0000
273260.0043 22.0000
273260.2540 33.0000
273260.5040 55.0000
273260.7540 11.0000
273261.0040 22.0000
273261.2540 11.0000
273261.5043 55.0000
273261.7545 11.0000
273262.0040 22.0000
273262.2544 44.0000
273262.5043 22.0000
273262.7540 66.0000
273263.0041 22.0000
273263.2540 55.0000
273263.5041 11.0000
273263.7540 55.0000
273264.0040 33.0000
273264.2540 22.0000
273264.5041 55.0000
273264.7540 66.0000
273265.0047 44.0000
273265.2540 22.0000
273265.5042 66.0000
273265.7542 55.0000
273266.0042 66.0000
273266.2539 33.0000
273266.5040 44.0000
273266.7540 66.0000
273267.0040 44.0000
273267.2546 66.0000
273267.5039 22.0000
273267.7541 55.0000
273268.0040 66.0000
273268.2542 11.0000
273268.5039 66.0000
273268.7542 55.0000
273269.0040 44.0000
273269.2540 55.0000
273269.5042 11.0000
273269.7540 22.0000
273270.0040 66.0000
273270.2544 55.0000
273270.5045 11.0000
273270.7540 33.0000
273271.0040 22.0000
273271.2539 33.0000
273271.5046 66.0000
273271.7540 44.0000
273272.0039 11.0000
273272.2542 44.0000
273272.5040 55.0000
273272.7540 44.0000
273273.0040 11.0000
273273.2539 33.0000
273273.5040 11.0000
273273.7540 33.0000
273274.0040 66.0000
273274.2540 22.0000
273274.5040 44.0000
273274.7540 55.0000
273275.0040 11.0000
273275.2540 66.0000
273275.5039 22.0000
273275.7543 55.0000
273276.0039 44.0000
273276.2541 55.0000
273276.5047 44.0000
273276.7538 11.0000
273277.0040 33.0000
273277.2542 66.0000
273277.5039 22.0000
273277.7539 66.0000
273278.0039 33.0000
273278.2544 44.0000
273278.5043 11.0000
273278.7542 55.0000
273279.0040 11.0000
273279.2540 22.0000
273279.5040 66.0000
273279.7540 55.0000
273280.0039 44.0000
273280.2540 66.0000
273280.5039 22.0000
273280.7539 44.0000
273281.0043 11.0000
273281.2541 33.0000
273281.5039 22.0000
273281.7542 11.0000
273282.0039 33.0000
273282.2539 66.0000
273282.5041 44.0000
273282.7540 11.0000
273283.0039 44.0000
273283.2539 11.0000
273283.5040 22.0000
273283.7540 66.0000
273284.0044 22.0000
273284.2539 66.0000
273284.5039 55.0000
273284.7540 11.0000
273285.0046 66.0000
273285.2539 22.0000
273285.5039 55.0000
273285.7539 11.0000
273286.0039 33.0000
273286.2539 22.0000
273286.5039 11.0000
273286.7539 44.0000
273287.0039 11.0000
273287.2539 44.0000
273287.5041 11.0000
273287.7539 33.0000
273288.0044 11.0000
273288.2540 66.0000
273288.5039 33.0000
273288.7540 22.0000
273289.0039 66.0000
273289.2539 22.0000
273289.5039 11.0000
273289.7539 55.0000
273290.0044 33.0000
273290.2543 11.0000
273290.5039 66.0000
273290.7542 33.0000
273291.0039 44.0000
273291.2541 11.0000
273291.5045 44.0000
273291.7542 55.0000
273292.0041 33.0000
273292.2541 22.0000
273292.5046 33.0000
273292.7540 44.0000
273293.0044 55.0000
273293.2539 66.0000
273293.5044 11.0000
273293.7539 22.0000
273294.0039 44.0000
273294.2539 66.0000
273294.5039 22.0000
273294.7539 55.0000
273295.0039 66.0000
273295.2539 44.0000
273295.5038 33.0000
273295.7539 55.0000
273296.0041 33.0000
273296.2544 11.0000
273296.5041 44.0000
273296.7539 22.0000
273297.0038 44.0000
273297.2539 55.0000
273297.5039 33.0000
273297.7539 55.0000
273298.0039 33.0000
273298.2540 22.0000
273298.5039 11.0000
273298.7540 22.0000
273299.0043 44.0000
273299.2539 11.0000
273299.5039 22.0000
273299.7538 44.0000
273300.0038 33.0000
273300.2543 44.0000
273300.5044 11.0000
273300.7543 22.0000
273301.0038 11.0000
273301.2539 22.0000
273301.5039 44.0000
273301.7546 11.0000
273302.0043 22.0000
273302.2539 66.0000
273302.5039 22.0000
273302.7538 66.0000
273303.0039 33.0000
273303.2539 55.0000
273303.5037 33.0000
273303.7538 11.0000
273304.0043 33.0000
273304.2538 11.0000
273304.5038 33.0000
273304.7538 66.0000
273305.0038 11.0000
273305.2539 55.0000
273305.5039 44.0000
273305.7542 55.0000
273306.0043 22.0000
273306.2539 11.0000
273306.5038 66.0000
273306.7539 11.0000
273307.0038 44.0000
273307.2539 33.0000
273307.5040 66.0000
273307.7538 22.0000
273308.0038 66.0000
273308.2538 22.0000
273308.5038 11.0000
273308.7539 55.0000
273309.0038 22.0000
273309.2539 66.0000
273309.5039 44.0000
273309.7539 11.0000
273310.0038 33.0000
273310.2539 11.0000
273310.5038 55.0000
273310.7538 33.0000
273311.0044 22.0000
273311.2540 66.0000
273311.5041 11.0000
273311.7543 44.0000
273312.0040 66.0000
273312.2538 55.0000
273312.5038 33.0000
273312.7543 55.0000
273313.0040 44.0000
273313.2542 66.0000
273313.5041 55.0000
273313.7544 22.0000
273314.0039 66.0000
273314.2538 11.0000
273314.5040 44.0000
273314.7538 22.0000
273315.0038 44.0000
273315.2539 33.0000
273315.5039 66.0000
273315.7541 11.0000
273316.0038 44.0000
273316.2540 22.0000
273316.5042 33.0000
273316.7538 22.0000
273317.0038 44.0000
273317.2538 22.0000
273317.5038 44.0000
273317.7538 33.0000
273318.0038 11.0000
273318.2538 33.0000
273318.5039 44.0000
273318.7538 33.0000
273319.0038 11.0000
273319.2538 55.0000
273319.5038 33.0000
273319.7538 44.0000
273320.0038 66.0000
273320.2541 55.0000
273320.5038 33.0000
273320.7542 11.0000
273321.0038 33.0000
273321.2540 22.0000
273321.5038 66.0000
273321.7538 11.0000
273322.0041 44.0000
273322.2538 33.0000
273322.5038 66.0000
273322.7538 11.0000
273323.0042 22.0000
273323.2538 44.0000
273323.5038 33.0000
273323.7538 55.0000
273324.0038 33.0000
273324.2538 66.0000
273324.5038 22.0000
273324.7538 11.0000
273325.0038 55.0000
273325.2538 66.0000
273325.5038 22.0000
273325.7538 55.0000
273326.0038 33.0000
273326.2549 11.0000
273326.5038 55.0000
273326.7538 66.0000
273327.0038 11.0000
273327.2538 33.0000
273327.5038 11.0000
273327.7538 66.0000
273328.0040 33.0000
273328.2538 66.0000
273328.5042 22.0000
273328.7538 11.0000
273329.0038 66.0000
273329.2538 22.0000
273329.5043 44.0000
273329.7540 33.0000
273330.0038 55.0000
273330.2537 66.0000
273330.5038 22.0000
273330.7538 33.0000
273331.0038 22.0000
273331.2537 11.0000
273331.5038 66.0000
273331.7538 22.0000
273332.0038 55.0000
273332.2537 22.0000
273332.5038 33.0000
273332.7538 66.0000
273333.0039 11.0000
273333.2537 33.0000
273333.5043 44.0000
273333.7540 55.0000
273334.0039 22.0000
273334.2537 33.0000
273334.5038 66.0000
273334.7537 11.0000
273335.0039 44.0000
273335.2537 33.0000
273335.5118 55.0000
273335.7538 22.0000
273336.0038 55.0000
273336.2537 44.0000
273336.5038 55.0000
273336.7537 33.0000
273337.0037 22.0000
273337.2537 55.0000
273337.5037 44.0000
273337.7537 55.0000
273338.0040 66.0000
273338.2538 33.0000
273338.5040 11.0000
273338.7538 33.0000
273339.0037 55.0000
273339.2537 66.0000
273339.5037 55.0000
273339.7537 22.0000
273340.0037 55.0000
273340.2538 33.0000
273340.5051 44.0000
273340.7537 55.0000
273341.0058 11.0000
273341.2538 55.0000
273341.5038 66.0000
273341.7538 33.0000
273342.0037 66.0000
273342.2543 22.0000
273342.5037 55.0000
273342.7537 33.0000
273343.0037 22.0000
273343.2537 66.0000
273343.5039 55.0000
273343.7537 22.0000
273344.0037 55.0000
273344.2538 66.0000
273344.5037 44.0000
273344.7537 11.0000
273345.0037 33.0000
273345.2537 44.0000
273345.5041 11.0000
273345.7537 22.0000
273346.0037 66.0000
273346.2539 22.0000
273346.5040 55.0000
273346.7538 22.0000
273347.0038 66.0000
273347.2541 11.0000
273347.5038 66.0000
273347.7537 11.0000
273348.0039 22.0000
273348.2537 55.0000
273348.5037 66.0000
273348.7537 55.0000
273349.0037 66.0000
273349.2542 22.0000
273349.5037 66.0000
273349.7537 22.0000
273350.0037 33.0000
273350.2541 44.0000
273350.5037 66.0000
273350.7537 44.0000
273351.0037 22.0000
273351.2537 44.0000
273351.5041 11.0000
273351.7539 44.0000
273352.0037 11.0000
273352.2537 66.0000
273352.5037 55.0000
273352.7536 44.0000
273353.0039 55.0000
273353.2537 44.0000
273353.5042 55.0000
273353.7542 44.0000
273354.0037 22.0000
273354.2539 55.0000
273354.5042 33.0000
273354.7539 66.0000
273355.0037 44.0000
273355.2537 66.0000
273355.5039 22.0000
273355.7543 55.0000
273356.0038 66.0000
273356.2537 33.0000
273356.5038 22.0000
273356.7539 55.0000
273357.0037 66.0000
273357.2539 11.0000
273357.5037 55.0000
273357.7537 66.0000
273358.0037 22.0000
273358.2543 55.0000
273358.5043 66.0000
273358.7537 11.0000
273359.0037 33.0000
273359.2537 55.0000
273359.5037 33.0000
273359.7537 11.0000
273360.0037 55.0000
273360.2538 22.0000
273360.5037 55.0000
273360.7537 44.0000
273361.0037 33.0000
273361.2537 66.0000
273361.5041 11.0000
273361.7539 55.0000
273362.0036 66.0000
273362.2539 33.0000
273362.5044 55.0000
273362.7537 22.0000
273363.0037 44.0000
273363.2540 33.0000
273363.5037 44.0000
273363.7537 66.0000
273364.0038 33.0000
273364.2537 66.0000
273364.5038 44.0000
273364.7541 66.0000
273365.0037 33.0000
273365.2537 66.0000
273365.5037 33.0000
273365.7537 66.0000
273366.0036 11.0000
273366.2537 44.0000
273366.5037 55.0000
273366.7539 44.0000
273367.0036 11.0000
273367.2539 44.0000
273367.5038 11.0000
273367.7537 44.0000
273368.0036 11.0000
273368.2539 44.0000
273368.5036 11.0000
273368.7541 44.0000
273369.0036 11.0000
273369.2537 33.0000
273369.5036 44.0000
273369.7536 22.0000
273370.0036 55.0000
273370.2537 11.0000
273370.5036 66.0000
273370.7539 33.0000
273371.0042 55.0000
273371.2537 33.0000
273371.5036 44.0000
273371.7536 55.0000
273372.0039 66.0000
273372.2541 55.0000
273372.5037 11.0000
273372.7540 55.0000
273373.0044 11.0000
273373.2542 33.0000
273373.5041 22.0000
273373.7538 66.0000
273374.0037 11.0000
273374.2535 33.0000
273374.5037 66.0000
273374.7536 55.0000
273375.0037 66.0000
273375.2536 22.0000
273375.5038 44.0000
273375.7537 11.0000
273376.0037 33.0000
273376.2541 11.0000
273376.5039 55.0000
273376.7540 66.0000
273377.0036 44.0000
273377.2537 55.0000
273377.5036 66.0000
273377.7536 55.0000
273378.0036 66.0000
273378.2537 11.0000
273378.5036 66.0000
273378.7544 55.0000
273379.0040 22.0000
273379.2541 11.0000
273379.5036 44.0000
273379.7536 33.0000
273380.0036 66.0000
273380.2536 11.0000
273380.5035 33.0000
273380.7538 22.0000
273381.0037 11.0000
273381.2541 66.0000
273381.5036 55.0000
273381.7536 66.0000
273382.0036 33.0000
273382.2536 22.0000
273382.5036 66.0000
273382.7536 11.0000
273383.0036 55.0000
273383.2536 66.0000
273383.5036 33.0000
273383.7550 55.0000
273384.0036 11.0000
273384.2541 22.0000
273384.5037 44.0000
273384.7536 55.0000
273385.0036 22.0000
273385.2542 66.0000
273385.5036 55.0000
273385.7536 22.0000
273386.0036 55.0000
273386.2536 22.0000
273386.5036 66.0000
273386.7540 44.0000
273387.0036 33.0000
273387.2540 66.0000
273387.5036 55.0000
273387.7537 66.0000
273388.0036 44.0000
273388.2536 33.0000
273388.5036 44.0000
273388.7536 33.0000
273389.0035 55.0000
273389.2536 44.0000
273389.5036 11.0000
273389.7536 55.0000
273390.0036 44.0000
273390.2546 66.0000
273390.5035 55.0000
273390.7536 66.0000
273391.0036 11.0000
273391.2536 66.0000
273391.5036 44.0000
273391.7538 11.0000
273392.0036 55.0000
273392.2536 22.0000
273392.5036 33.0000
273392.7536 55.0000
273393.0038 66.0000
273393.2536 33.0000
273393.5036 44.0000
273393.7535 33.0000
273394.0036 55.0000
273394.2540 11.0000
273394.5042 55.0000
273394.7536 22.0000
273395.0036 44.0000
273395.2537 11.0000
273395.5045 55.0000
273395.7535 22.0000
273396.0038 66.0000
273396.2535 33.0000
273396.5036 66.0000
273396.7535 33.0000
273397.0035 44.0000
273397.2541 55.0000
273397.5036 22.0000
273397.7543 55.0000
273398.0037 66.0000
273398.2536 22.0000
273398.5036 66.0000
273398.7540 22.0000
273399.0036 44.0000
273399.2540 22.0000
273399.5035 11.0000
273399.7536 22.0000
273400.0036 44.0000
273400.2539 22.0000
273400.5040 66.0000
273400.7536 33.0000
273401.0036 22.0000
273401.2537 33.0000
273401.5035 55.0000
273401.7535 66.0000
273402.0036 55.0000
273402.2535 66.0000
273402.5036 44.0000
273402.7535 33.0000
273403.0036 44.0000
273403.2535 33.0000
273403.5037 55.0000
273403.7540 44.0000
273404.0036 22.0000
273404.2536 44.0000
273404.5038 22.0000
273404.7546 11.0000
273405.0036 22.0000
273405.2535 66.0000
273405.5036 22.0000
273405.7536 66.0000
273406.0043 44.0000
273406.2539 11.0000
273406.5035 44.0000
273406.7540 33.0000
273407.0037 55.0000
273407.2533 22.0000
273407.5042 44.0000
273407.7535 55.0000
273408.0043 33.0000
273408.2534 22.0000
273408.5035 44.0000
273408.7537 33.0000
273409.0038 22.0000
273409.2534 44.0000
273409.5037 33.0000
273409.7535 44.0000
273410.0037 33.0000
273410.2542 55.0000
273410.5035 44.0000
273410.7535 22.0000
273411.0035 33.0000
273411.2535 44.0000
273411.5039 55.0000
273411.7535 33.0000
273412.0035 22.0000
273412.2535 33.0000
273412.5035 55.0000
273412.7535 33.0000
273413.0035 11.0000
273413.2535 55.0000
273413.5039 44.0000
273413.7535 33.0000
273414.0035 55.0000
273414.2542 44.0000
273414.5035 66.0000
273414.7535 11.0000
273415.0035 55.0000
273415.2534 22.0000
273415.5039 44.0000
273415.7537 55.0000
273416.0035 44.0000
273416.2536 66.0000
273416.5034 44.0000
273416.7535 22.0000
273417.0035 55.0000
273417.2535 11.0000
273417.5036 33.0000
273417.7535 44.0000
273418.0035 55.0000
273418.2539 44.0000
273418.5034 66.0000
273418.7539 44.0000
273419.0035 66.0000
273419.2535 55.0000
273419.5039 44.0000
273419.7539 11.0000
273420.0035 55.0000
273420.2537 22.0000
273420.5035 11.0000
273420.7535 22.0000
273421.0035 55.0000
273421.2534 44.0000
273421.5035 11.0000
273421.7535 55.0000
273422.0035 66.0000
273422.2541 44.0000
273422.5042 33.0000
273422.7535 11.0000
273423.0036 55.0000
273423.2534 11.0000
273423.5035 55.0000
273423.7538 66.0000
273424.0035 22.0000
273424.2537 66.0000
273424.5037 44.0000
273424.7537 11.0000
273425.0035 22.0000
273425.2534 66.0000
273425.5039 22.0000
273425.7535 55.0000
273426.0035 11.0000
273426.2535 66.0000
273426.5034 44.0000
273426.7535 55.0000
273427.0035 22.0000
273427.2534 66.0000
273427.5035 22.0000
273427.7535 11.0000
273428.0037 33.0000
273428.2534 22.0000
273428.5035 44.0000
273428.7535 33.0000
273429.0035 55.0000
273429.2534 33.0000
273429.5036 44.0000
273429.7539 22.0000
273430.0034 33.0000
273430.2538 66.0000
273430.5034 44.0000
273430.7535 55.0000
273431.0034 44.0000
273431.2535 11.0000
273431.5039 55.0000
273431.7538 33.0000
273432.0036 44.0000
273432.2535 11.0000
273432.5035 66.0000
273432.7539 22.0000
273433.0040 55.0000
273433.2535 66.0000
273433.5060 22.0000
273433.7534 44.0000
273434.0034 11.0000
273434.2535 33.0000
273434.5034 11.0000
273434.7535 66.0000
273435.0034 33.0000
273435.2533 44.0000
273435.5039 11.0000
273435.7534 44.0000
273436.0034 55.0000
273436.2534 33.0000
273436.5034 66.0000
273436.7535 11.0000
273437.0034 55.0000
273437.2537 66.0000
273437.5034 22.0000
273437.7534 44.0000
273438.0034 22.0000
273438.2535 44.0000
273438.5034 33.0000
273438.7534 55.0000
273439.0038 44.0000
273439.2539 22.0000
273439.5034 11.0000
273439.7539 55.0000
273440.0036 66.0000
273440.2535 55.0000
273440.5034 33.0000
273440.7535 44.0000
273441.0034 66.0000
273441.2537 33.0000
273441.5038 44.0000
273441.7534 22.0000
273442.0034 44.0000
273442.2536 33.0000
273442.5036 66.0000
273442.7539 33.0000
273443.0034 66.0000
273443.2534 22.0000
273443.5034 44.0000
273443.7533 55.0000
273444.0035 66.0000
273444.2538 11.0000
273444.5036 22.0000
273444.7534 55.0000
273445.0034 22.0000
273445.2534 11.0000
273445.5033 33.0000
273445.7534 66.0000
273446.0034 55.0000
273446.2533 22.0000
273446.5038 11.0000
273446.7536 44.0000
273447.0034 11.0000
273447.2536 44.0000
273447.5040 55.0000
273447.7536 11.0000
273448.0038 44.0000
273448.2534 33.0000
273448.5036 44.0000
273448.7534 22.0000
273449.0036 44.0000
273449.2534 11.0000
273449.5039 66.0000
273449.7534 22.0000
273450.0034 55.0000
273450.2537 11.0000
273450.5033 55.0000
273450.7533 22.0000
273451.0034 11.0000
273451.2534 66.0000
273451.5042 11.0000
273451.7534 33.0000
273452.0034 11.0000
273452.2534 55.0000
273452.5043 11.0000
273452.7534 22.0000
273453.0033 11.0000
273453.2535 66.0000
273453.5038 22.0000
273453.7534 33.0000
273454.0034 55.0000
273454.2534 66.0000
273454.5034 33.0000
273454.7533 44.0000
273455.0033 33.0000
273455.2533 22.0000
273455.5034 55.0000
273455.7534 22.0000
273456.0033 33.0000
273456.2539 55.0000
273456.5033 66.0000
273456.7538 22.0000
273457.0033 55.0000
273457.2535 22.0000
273457.5033 55.0000
273457.7534 33.0000
273458.0034 66.0000
273458.2534 11.0000
273458.5034 66.0000
273458.7533 44.0000
273459.0033 66.0000
273459.2534 22.0000
273459.5039 44.0000
273459.7533 55.0000
273460.0033 44.0000
273460.2533 66.0000
273460.5035 55.0000
273460.7534 33.0000
273461.0032 11.0000
273461.2536 66.0000
273461.5033 33.0000
273461.7536 11.0000
273462.0034 66.0000
273462.2535 22.0000
273462.5033 44.0000
273462.7535 66.0000
273463.0034 11.0000
273463.2533 22.0000
273463.5034 66.0000
273463.7533 11.0000
273464.0034 44.0000
273464.2533 55.0000
273464.5033 66.0000
273464.7537 44.0000
273465.0034 55.0000
273465.2533 33.0000
273465.5034 22.0000
273465.7533 55.0000
273466.0034 22.0000
273466.2533 44.0000
273466.5038 11.0000
273466.7533 44.0000
273467.0038 33.0000
273467.2533 55.0000
273467.5039 11.0000
273467.7533 66.0000
273468.0033 22.0000
273468.2535 11.0000
273468.5034 22.0000
273468.7533 55.0000
273469.0033 22.0000
273469.2533 33.0000
273469.5035 22.0000
273469.7535 66.0000
273470.0034 33.0000
273470.2534 44.0000
273470.5033 33.0000
273470.7533 55.0000
273471.0033 33.0000
273471.2533 44.0000
273471.5033 22.0000
273471.7533 44.0000
273472.0033 11.0000
273472.2536 44.0000
273472.5033 22.0000
273472.7533 44.0000
273473.0034 66.0000
273473.2533 22.0000
273473.5037 11.0000
273473.7532 66.0000
273474.0033 33.0000
273474.2535 22.0000
273474.5035 44.0000
273474.7540 55.0000
273475.0033 22.0000
273475.2533 66.0000
273475.5034 11.0000
273475.7537 44.0000
273476.0038 66.0000
273476.2533 33.0000
273476.5034 22.0000
273476.7533 66.0000
273477.0034 44.0000
273477.2533 33.0000
273477.5033 66.0000
273477.7533 11.0000
273478.0033 44.0000
273478.2532 11.0000
273478.5033 66.0000
273478.7532 33.0000
273479.0033 66.0000
273479.2533 44.0000
273479.5033 66.0000
273479.7535 33.0000
273480.0035 44.0000
273480.2532 66.0000
273480.5037 33.0000
273480.7532 11.0000
273481.0033 22.0000
273481.2533 66.0000
273481.5034 11.0000
273481.7532 22.0000
273482.0032 11.0000
273482.2532 66.0000
273482.5033 55.0000
273482.7535 33.0000
273483.0035 66.0000
273483.2533 55.0000
273483.5032 44.0000
273483.7534 22.0000
273484.0032 55.0000
273484.2533 33.0000
273484.5033 44.0000
273484.7536 11.0000
273485.0032 44.0000
273485.2533 22.0000
273485.5033 44.0000
273485.7533 11.0000
273486.0033 33.0000
273486.2535 22.0000
273486.5033 66.0000
273486.7533 22.0000
273487.0032 44.0000
273487.2532 22.0000
273487.5033 55.0000
273487.7537 44.0000
273488.0033 55.0000
273488.2534 44.0000
273488.5032 66.0000
273488.7533 55.0000
273489.0037 33.0000
273489.2532 66.0000
273489.5036 33.0000
273489.7533 11.0000
273490.0033 22.0000
273490.2532 55.0000
273490.5034 22.0000
273490.7532 55.0000
273491.0033 11.0000
273491.2533 22.0000
273491.5032 11.0000
273491.7532 55.0000
273492.0032 33.0000
273492.2532 44.0000
273492.5032 22.0000
273492.7532 55.0000
273493.0032 11.0000
273493.2532 44.0000
273493.5032 66.0000
273493.7532 33.0000
273494.0032 66.0000
273494.2533 11.0000
273494.5033 55.0000
273494.7532 22.0000
273495.0032 44.0000
273495.2532 33.0000
273495.5032 55.0000
273495.7532 44.0000
273496.0039 55.0000
273496.2532 33.0000
273496.5033 22.0000
273496.7534 55.0000
273497.0042 11.0000
273497.2532 66.0000
273497.5036 55.0000
273497.7532 22.0000
273498.0032 66.0000
273498.2532 44.0000
273498.5032 66.0000
273498.7532 22.0000
273499.0034 66.0000
273499.2532 55.0000
273499.5033 44.0000
273499.7535 55.0000
273500.0032 44.0000
273500.2537 11.0000
273500.5032 22.0000
273500.7535 66.0000
273501.0032 55.0000
273501.2532 44.0000
273501.5032 55.0000
273501.7532 33.0000
273502.0032 66.0000
273502.2532 33.0000
273502.5032 55.0000
273502.7533 22.0000
273503.0031 11.0000
273503.2532 44.0000
273503.5032 66.0000
273503.7536 33.0000
273504.0032 66.0000
273504.2535 22.0000
273504.5032 55.0000
273504.7537 22.0000
273505.0032 33.0000
273505.2532 11.0000
273505.5031 55.0000
273505.7532 44.0000
273506.0036 33.0000
273506.2533 55.0000
273506.5036 11.0000
273506.7532 44.0000
273507.0031 11.0000
273507.2532 33.0000
273507.5032 44.0000
273507.7532 66.0000
273508.0032 33.0000
273508.2535 55.0000
273508.5036 44.0000
273508.7534 55.0000
273509.0032 44.0000
273509.2534 22.0000
273509.5038 11.0000
273509.7532 22.0000
273510.0036 44.0000
273510.2537 22.0000
273510.5034 66.0000
273510.7533 55.0000
273511.0034 22.0000
273511.2533 66.0000
273511.5031 33.0000
273511.7532 66.0000
273512.0031 33.0000
273512.2532 44.0000
273512.5032 22.0000
273512.7532 11.0000
273513.0032 22.0000
273513.2533 44.0000
273513.5031 55.0000
273513.7536 44.0000
273514.0031 55.0000
273514.2535 33.0000
273514.5032 22.0000
273514.7534 66.0000
273515.0034 44.0000
273515.2532 55.0000
273515.5031 33.0000
273515.7532 66.0000
273516.0031 11.0000
273516.2534 55.0000
273516.5031 22.0000
273516.7534 66.0000
273517.0037 11.0000
273517.2532 33.0000
273517.5032 66.0000
273517.7531 11.0000
273518.0036 66.0000
273518.2532 44.0000
273518.5033 11.0000
273518.7531 66.0000
273519.0031 55.0000
273519.2532 44.0000
273519.5032 11.0000
273519.7532 44.0000
273520.0031 11.0000
273520.2531 66.0000
273520.5031 11.0000
273520.7535 44.0000
273521.0039 33.0000
273521.2532 66.0000
273521.5035 11.0000
273521.7533 44.0000
273522.0031 66.0000
273522.2538 55.0000
273522.5031 33.0000
273522.7531 44.0000
273523.0031 22.0000
273523.2542 11.0000
273523.5035 22.0000
273523.7531 33.0000
273524.0031 55.0000
273524.2547 66.0000
273524.5031 55.0000
273524.7531 22.0000
273525.0031 33.0000
273525.2531 44.0000
273525.5031 66.0000
273525.7536 33.0000
273526.0031 66.0000
273526.2536 55.0000
273526.5033 44.0000
273526.7531 33.0000
273527.0034 55.0000
273527.2532 33.0000
273527.5032 55.0000
273527.7538 66.0000
273528.0031 11.0000
273528.2536 22.0000
273528.5031 44.0000
273528.7531 11.0000
273529.0032 55.0000
273529.2531 11.0000
273529.5031 22.0000
273529.7531 55.0000
273530.0032 33.0000
273530.2533 44.0000
273530.5031 11.0000
273530.7531 66.0000
273531.0038 55.0000
273531.2534 22.0000
273531.5033 33.0000
273531.7533 22.0000
273532.0033 11.0000
273532.2531 22.0000
273532.5031 44.0000
273532.7531 11.0000
273533.0031 55.0000
273533.2531 66.0000
273533.5033 44.0000
273533.7531 11.0000
273534.0031 55.0000
273534.2533 11.0000
273534.5031 44.0000
273534.7531 11.0000
273535.0031 55.0000
273535.2531 22.0000
273535.5031 55.0000
273535.7531 11.0000
273536.0031 55.0000
273536.2531 33.0000
273536.5031 66.0000
273536.7531 44.0000
273537.0031 55.0000
273537.2531 66.0000
273537.5031 33.0000
273537.7533 44.0000
273538.0033 33.0000
273538.2531 22.0000
273538.5031 33.0000
273538.7531 22.0000
273539.0036 44.0000
273539.2531 33.0000
273539.5031 11.0000
273539.7531 22.0000
273540.0033 55.0000
273540.2530 44.0000
273540.5031 55.0000
273540.7531 11.0000
273541.0031 22.0000
273541.2534 33.0000
273541.5033 55.0000
273541.7532 66.0000
273542.0031 55.0000
273542.2536 22.0000
273542.5031 55.0000
273542.7530 33.0000
273543.0031 11.0000
273543.2531 22.0000
273543.5036 44.0000
273543.7531 66.0000
273544.0031 33.0000
273544.2531 22.0000
273544.5031 11.0000
273544.7531 33.0000
273545.0031 55.0000
273545.2531 44.0000
273545.5039 66.0000
273545.7531 44.0000
273546.0031 33.0000
273546.2531 66.0000
273546.5031 44.0000
273546.7531 33.0000
273547.0032 22.0000
273547.2534 66.0000
273547.5031 55.0000
273547.7531 66.0000
273548.0031 11.0000
273548.2533 22.0000
273548.5031 66.0000
273548.7529 44.0000
273549.0031 55.0000
273549.2530 11.0000
273549.5030 44.0000
273549.7530 33.0000
273550.0031 22.0000
273550.2530 44.0000
273550.5031 22.0000
273550.7530 44.0000
273551.0030 22.0000
273551.2530 11.0000
273551.5038 22.0000
273551.7530 11.0000
273552.0032 66.0000
273552.2533 55.0000
273552.5032 11.0000
273552.7530 66.0000
273553.0030 44.0000
273553.2532 66.0000
273553.5031 33.0000
273553.7531 22.0000
273554.0030 66.0000
273554.2531 11.0000
273554.5031 44.0000
273554.7531 66.0000
273555.0030 33.0000
273555.2532 44.0000
273555.5034 55.0000
273555.7530 33.0000
273556.0034 11.0000
273556.2530 33.0000
273556.5030 22.0000
273556.7530 44.0000
273557.0030 11.0000
273557.2530 66.0000
273557.5032 33.0000
273557.7530 22.0000
273558.0030 55.0000
273558.2532 22.0000
273558.5035 33.0000
273558.7531 22.0000
273559.0041 55.0000
273559.2530 33.0000
273559.5040 55.0000
273559.7530 22.0000
273560.0030 33.0000
273560.2530 44.0000
273560.5030 55.0000
273560.7530 11.0000
273561.0032 22.0000
273561.2534 55.0000
273561.5032 66.0000
273561.7530 44.0000
273562.0030 33.0000
273562.2530 22.0000
273562.5032 33.0000
273562.7534 11.0000
273563.0036 55.0000
273563.2531 44.0000
273563.5030 55.0000
273563.7530 44.0000
273564.0030 33.0000
273564.2530 22.0000
273564.5030 66.0000
273564.7530 22.0000
273565.0030 11.0000
273565.2529 33.0000
273565.5030 44.0000
273565.7530 22.0000
273566.0030 11.0000
273566.2530 66.0000
273566.5030 44.0000
273566.7530 55.0000
273567.0030 33.0000
273567.2533 22.0000
273567.5030 44.0000
273567.7530 11.0000
273568.0030 22.0000
273568.2530 44.0000
273568.5030 11.0000
273568.7530 44.0000
273569.0032 11.0000
273569.2530 22.0000
273569.5035 66.0000
273569.7530 11.0000
273570.0030 44.0000
273570.2530 22.0000
273570.5030 66.0000
273570.7530 44.0000
273571.0030 55.0000
273571.2530 22.0000
273571.5030 66.0000
273571.7532 55.0000
273572.0030 22.0000
273572.2530 44.0000
273572.5030 22.0000
273572.7530 44.0000
273573.0029 55.0000
273573.2529 66.0000
273573.5030 22.0000
273573.7530 33.0000
273574.0031 66.0000
273574.2530 55.0000
273574.5029 44.0000
273574.7530 11.0000
273575.0032 44.0000
273575.2530 11.0000
273575.5030 44.0000
273575.7530 66.0000
273576.0030 55.0000
273576.2530 66.0000
273576.5034 33.0000
273576.7529 11.0000
273577.0034 44.0000
273577.2530 55.0000
273577.5037 44.0000
273577.7530 33.0000
273578.0031 44.0000
273578.2530 22.0000
273578.5030 11.0000
273578.7530 22.0000
273579.0030 44.0000
273579.2532 11.0000
273579.5030 55.0000
273579.7530 44.0000
273580.0035 11.0000
273580.2530 55.0000
273580.5030 22.0000
273580.7530 44.0000
273581.0034 55.0000
273581.2530 22.0000
273581.5035 66.0000
273581.7530 44.0000
273582.0029 33.0000
273582.2530 22.0000
273582.5034 66.0000
273582.7530 44.0000
273583.0029 66.0000
273583.2537 44.0000
273583.5031 11.0000
273583.7531 22.0000
273584.0029 66.0000
273584.2530 33.0000
273584.5029 22.0000
273584.7530 55.0000
273585.0029 66.0000
273585.2530 22.0000
273585.5038 66.0000
273585.7534 11.0000
273586.0033 55.0000
273586.2534 33.0000
273586.5031 22.0000
273586.7529 11.0000
273587.0031 33.0000
273587.2530 55.0000
273587.5142 66.0000
273587.7530 33.0000
273588.0034 22.0000
273588.2531 33.0000
273588.5030 22.0000
273588.7532 33.0000
273589.0030 11.0000
273589.2529 55.0000
273589.5031 11.0000
273589.7530 22.0000
273590.0033 55.0000
273590.2529 33.0000
273590.5029 44.0000
273590.7533 11.0000
273591.0033 33.0000
273591.2533 11.0000
273591.5029 55.0000
273591.7533 66.0000
273592.0029 33.0000
273592.2529 44.0000
273592.5029 11.0000
273592.7529 33.0000
273593.0045 44.0000
273593.2529 22.0000
273593.5036 11.0000
273593.7536 44.0000
273594.0029 33.0000
273594.2529 22.0000
273594.5029 66.0000
273594.7529 22.0000
273595.0029 44.0000
273595.2534 66.0000
273595.5029 44.0000
273595.7529 66.0000
273596.0029 44.0000
273596.2529 11.0000
273596.5029 55.0000
273596.7529 44.0000
273597.0032 11.0000
273597.2529 55.0000
273597.5029 11.0000
273597.7529 33.0000
273598.0029 66.0000
273598.2529 44.0000
273598.5029 66.0000
273598.7530 33.0000
273599.0029 11.0000
273599.2529 44.0000
273599.5032 66.0000
273599.7529 22.0000
273600.0029 55.0000
273600.2529 11.0000
273600.5033 22.0000
273600.7529 33.0000
273601.0029 44.0000
273601.2528 22.0000
273601.5029 11.0000
273601.7528 66.0000
273602.0032 55.0000
273602.2529 33.0000
273602.5029 11.0000
273602.7528 22.0000
273603.0029 11.0000
273603.2528 33.0000
273603.5029 22.0000
273603.7529 33.0000
273604.0031 11.0000
273604.2531 55.0000
273604.5031 22.0000
273604.7530 44.0000
273605.0028 11.0000
273605.2529 22.0000
273605.5029 55.0000
273605.7532 66.0000
273606.0031 55.0000
273606.2529 22.0000
273606.5029 55.0000
273606.7529 22.0000
273607.0029 55.0000
273607.2529 22.0000
273607.5029 33.0000
273607.7529 66.0000
273608.0028 55.0000
273608.2529 44.0000
273608.5029 22.0000
273608.7528 55.0000
273609.0031 44.0000
273609.2528 11.0000
273609.5029 22.0000
273609.7528 44.0000
273610.0028 11.0000
273610.2528 66.0000
273610.5029 33.0000
273610.7528 11.0000
273611.0029 66.0000
273611.2529 11.0000
273611.5030 55.0000
273611.7528 22.0000
273612.0032 33.0000
273612.2528 55.0000
273612.5029 33.0000
273612.7528 66.0000
273613.0029 55.0000
273613.2528 66.0000
273613.5029 44.0000
273613.7528 22.0000
273614.0029 66.0000
273614.2528 22.0000
273614.5028 44.0000
273614.7528 55.0000
273615.0029 11.0000
273615.2528 44.0000
273615.5028 66.0000
273615.7529 33.0000
273616.0030 11.0000
273616.2528 55.0000
273616.5028 11.0000
273616.7528 44.0000
273617.0028 55.0000
273617.2528 22.0000
273617.5032 66.0000
273617.7528 11.0000
273618.0028 44.0000
273618.2528 66.0000
273618.5028 55.0000
273618.7528 11.0000
273619.0034 33.0000
273619.2528 11.0000
273619.5029 33.0000
273619.7528 55.0000
273620.0029 33.0000
273620.2528 66.0000
273620.5028 22.0000
273620.7528 55.0000
273621.0029 22.0000
273621.2528 44.0000
273621.5032 33.0000
273621.7528 55.0000
273622.0029 11.0000
273622.2528 66.0000
273622.5028 11.0000
273622.7528 22.0000
273623.0028 44.0000
273623.2528 11.0000
273623.5029 44.0000
273623.7535 22.0000
273624.0028 55.0000
273624.2527 11.0000
273624.5028 33.0000
273624.7530 11.0000
273625.0028 22.0000
273625.2528 44.0000
273625.5032 11.0000
273625.7528 44.0000
273626.0028 66.0000
273626.2528 22.0000
273626.5028 66.0000
273626.7528 11.0000
273627.0028 55.0000
273627.2529 44.0000
273627.5028 55.0000
273627.7528 66.0000
273628.0028 11.0000
273628.2528 55.0000
273628.5028 66.0000
273628.7527 22.0000
273629.0028 55.0000
273629.2527 11.0000
273629.5043 55.0000
273629.7528 22.0000
273630.0030 44.0000
273630.2528 11.0000
273630.5031 33.0000
273630.7529 11.0000
273631.0030 44.0000
273631.2528 66.0000
273631.5033 44.0000
273631.7529 22.0000
273632.0028 44.0000
273632.2528 22.0000
273632.5028 66.0000
273632.7528 44.0000
273633.0032 11.0000
273633.2528 55.0000
273633.5028 66.0000
273633.7528 33.0000
273634.0031 44.0000
273634.2527 66.0000
273634.5028 11.0000
273634.7528 22.0000
273635.0027 33.0000
273635.2532 44.0000
273635.5027 55.0000
273635.7532 11.0000
273636.0027 66.0000
273636.2528 44.0000
273636.5029 66.0000
273636.7528 22.0000
273637.0027 11.0000
273637.2533 66.0000
273637.5028 55.0000
273637.7527 22.0000
273638.0029 55.0000
273638.2532 11.0000
273638.5035 66.0000
273638.7527 11.0000
273639.0028 33.0000
273639.2527 66.0000
273639.5027 55.0000
273639.7530 33.0000
273640.0026 22.0000
273640.2528 44.0000
273640.5033 22.0000
273640.7528 11.0000
273641.0027 33.0000
273641.2528 44.0000
273641.5027 22.0000
273641.7527 66.0000
273642.0027 33.0000
273642.2528 11.0000
273642.5029 44.0000
273642.7527 11.0000
273643.0027 33.0000
273643.2535 55.0000
273643.5027 22.0000
273643.7531 11.0000
273644.0027 22.0000
273644.2527 11.0000
273644.5027 66.0000
273644.7527 33.0000
273645.0027 22.0000
273645.2527 66.0000
273645.5027 33.0000
273645.7527 11.0000
273646.0036 33.0000
273646.2527 22.0000
273646.5032 55.0000
273646.7529 11.0000
273647.0027 66.0000
273647.2527 33.0000
273647.5030 44.0000
273647.7527 55.0000
273648.0027 33.0000
273648.2527 66.0000
273648.5027 11.0000
273648.7528 22.0000
273649.0027 66.0000
273649.2528 55.0000
273649.5027 11.0000
273649.7527 66.0000
273650.0029 55.0000
273650.2527 22.0000
273650.5027 66.0000
273650.7530 55.0000
273651.0027 33.0000
273651.2532 22.0000
273651.5027 66.0000
273651.7529 44.0000
273652.0027 66.0000
273652.2527 22.0000
273652.5027 44.0000
273652.7528 66.0000
273653.0027 44.0000
273653.2529 55.0000
273653.5029 33.0000
273653.7529 44.0000
273654.0033 22.0000
273654.2528 55.0000
273654.5029 22.0000
273654.7528 55.0000
273655.0027 33.0000
273655.2527 55.0000
273655.5027 33.0000
273655.7527 44.0000
273656.0027 22.0000
273656.2532 11.0000
273656.5027 66.0000
273656.7528 11.0000
273657.0027 55.0000
273657.2527 44.0000
273657.5031 33.0000
273657.7527 55.0000
273658.0026 66.0000
273658.2527 44.0000
273658.5028 55.0000
273658.7527 66.0000
273659.0029 22.0000
273659.2527 11.0000
273659.5027 66.0000
273659.7530 22.0000
273660.0027 44.0000
273660.2529 55.0000
273660.5027 66.0000
273660.7529 22.0000
273661.0027 55.0000
273661.2526 11.0000
273661.5026 22.0000
273661.7526 55.0000
273662.0027 44.0000
273662.2527 22.0000
273662.5026 55.0000
273662.7527 33.0000
273663.0027 11.0000
273663.2530 33.0000
273663.5027 55.0000
273663.7527 66.0000
273664.0027 11.0000
273664.2534 66.0000
273664.5027 44.0000
273664.7527 11.0000
273665.0027 66.0000
273665.2527 22.0000
273665.5027 55.0000
273665.7528 11.0000
273666.0029 66.0000
273666.2527 44.0000
273666.5026 11.0000
273666.7526 44.0000
273667.0026 33.0000
273667.2527 66.0000
273667.5028 44.0000
273667.7527 66.0000
273668.0026 33.0000
273668.2526 66.0000
273668.5029 22.0000
273668.7526 33.0000
273669.0027 22.0000
273669.2531 11.0000
273669.5029 33.0000
273669.7529 22.0000
273670.0031 11.0000
273670.2526 44.0000
273670.5026 66.0000
273670.7527 11.0000
273671.0026 33.0000
273671.2530 11.0000
273671.5026 66.0000
273671.7527 55.0000
273672.0026 22.0000
273672.2527 55.0000
273672.5028 33.0000
273672.7531 44.0000
273673.0026 22.0000
273673.2527 11.0000
273673.5026 33.0000
273673.7527 44.0000
273674.0026 11.0000
273674.2529 44.0000
273674.5026 55.0000
273674.7526 33.0000
273675.0026 66.0000
273675.2526 11.0000
273675.5030 55.0000
273675.7529 44.0000
273676.0026 66.0000
273676.2526 22.0000
273676.5026 55.0000
273676.7526 66.0000
273677.0029 22.0000
273677.2527 66.0000
273677.5026 44.0000
273677.7526 33.0000
273678.0027 11.0000
273678.2526 55.0000
273678.5026 66.0000
273678.7526 11.0000
273679.0026 33.0000
273679.2526 44.0000
273679.5025 66.0000
273679.7527 33.0000
273680.0026 22.0000
273680.2526 11.0000
273680.5026 44.0000
273680.7526 66.0000
273681.0026 33.0000
273681.2526 66.0000
273681.5027 11.0000
273681.7528 66.0000
273682.0028 22.0000
273682.2526 11.0000
273682.5026 66.0000
273682.7527 44.0000
273683.0026 33.0000
273683.2526 11.0000
273683.5026 33.0000
273683.7530 55.0000
273684.0026 44.0000
273684.2530 11.0000
273684.5026 66.0000
273684.7531 11.0000
273685.0026 33.0000
273685.2526 44.0000
273685.5027 33.0000
273685.7526 44.0000
273686.0026 11.0000
273686.2526 22.0000
273686.5026 33.0000
273686.7528 22.0000
273687.0026 33.0000
273687.2529 55.0000
273687.5027 22.0000
273687.7528 55.0000
273688.0027 33.0000
273688.2526 11.0000
273688.5026 66.0000
273688.7526 11.0000
273689.0032 22.0000
273689.2526 66.0000
273689.5027 33.0000
273689.7526 66.0000
273690.0028 22.0000
273690.2526 33.0000
273690.5028 66.0000
273690.7526 11.0000
273691.0028 22.0000
273691.2526 66.0000
273691.5026 11.0000
273691.7525 55.0000
273692.0026 33.0000
273692.2526 66.0000
273692.5026 33.0000
273692.7526 22.0000
273693.0030 55.0000
273693.2527 33.0000
273693.5026 55.0000
273693.7525 22.0000
273694.0031 66.0000
273694.2528 55.0000
273694.5026 33.0000
273694.7528 55.0000
273695.0030 22.0000
273695.2525 33.0000
273695.5027 66.0000
273695.7525 33.0000
273696.0026 44.0000
273696.2528 22.0000
273696.5028 44.0000
273696.7530 11.0000
273697.0026 55.0000
273697.2526 33.0000
273697.5027 66.0000
273697.7526 55.0000
273698.0026 11.0000
273698.2526 55.0000
273698.5028 22.0000
273698.7526 66.0000
273699.0025 33.0000
273699.2526 44.0000
273699.5025 55.0000
273699.7525 66.0000
273700.0026 11.0000
273700.2526 66.0000
273700.5025 44.0000
273700.7527 22.0000
273701.0026 44.0000
273701.2525 33.0000
273701.5026 55.0000
273701.7525 33.0000
273702.0026 44.0000
273702.2525 33.0000
273702.5026 44.0000
273702.7530 11.0000
273703.0025 55.0000
273703.2526 44.0000
273703.5025 66.0000
273703.7525 22.0000
273704.0031 44.0000
273704.2525 66.0000
273704.5031 55.0000
273704.7525 66.0000
273705.0025 11.0000
273705.2525 55.0000
273705.5027 66.0000
273705.7529 22.0000
273706.0025 44.0000
273706.2525 11.0000
273706.5026 44.0000
273706.7525 33.0000
273707.0030 11.0000
273707.2531 66.0000
273707.5026 11.0000
273707.7525 22.0000
273708.0027 55.0000
273708.2525 33.0000
273708.5025 44.0000
273708.7525 22.0000
273709.0025 66.0000
273709.2525 55.0000
273709.5025 22.0000
273709.7527 66.0000
273710.0025 55.0000
273710.2525 44.0000
273710.5025 22.0000
273710.7527 33.0000
273711.0026 22.0000
273711.2525 55.0000
273711.5025 11.0000
273711.7530 22.0000
273712.0027 44.0000
273712.2525 22.0000
273712.5027 11.0000
273712.7527 44.0000
273713.0025 33.0000
273713.2525 44.0000
273713.5028 11.0000
273713.7525 44.0000
273714.0025 33.0000
273714.2525 55.0000
273714.5025 66.0000
273714.7525 11.0000
273715.0028 66.0000
273715.2525 33.0000
273715.5025 66.0000
273715.7524 55.0000
273716.0025 44.0000
273716.2525 55.0000
273716.5025 66.0000
273716.7525 11.0000
273717.0025 66.0000
273717.2525 33.0000
273717.5025 22.0000
273717.7527 33.0000
273718.0025 66.0000
273718.2525 44.0000
273718.5025 55.0000
273718.7525 33.0000
273719.0025 22.0000
273719.2525 66.0000
273719.5025 44.0000
273719.7525 66.0000
273720.0025 55.0000
273720.2525 11.0000
273720.5025 55.0000
273720.7530 66.0000
273721.0025 11.0000
273721.2527 33.0000
273721.5027 22.0000
273721.7527 66.0000
273722.0025 55.0000
273722.2525 22.0000
273722.5030 55.0000
273722.7528 66.0000
273723.0025 11.0000
273723.2530 22.0000
273723.5029 66.0000
273723.7528 11.0000
273724.0024 44.0000
273724.2525 11.0000
273724.5024 55.0000
273724.7530 11.0000
273725.0029 44.0000
273725.2528 55.0000
273725.5025 66.0000
273725.7525 33.0000
273726.0025 44.0000
273726.2525 11.0000
273726.5023 44.0000
273726.7533 66.0000
273727.0031 33.0000
273727.2525 55.0000
273727.5025 66.0000
273727.7531 11.0000
273728.0031 66.0000
273728.2538 11.0000
273728.5031 55.0000
273728.7526 11.0000
273729.0024 66.0000
273729.2531 33.0000
273729.5025 11.0000
273729.7523 55.0000
273730.0025 66.0000
273730.2525 11.0000
273730.5026 22.0000
273730.7526 55.0000
273731.0029 22.0000
273731.2531 55.0000
273731.5032 11.0000
273731.7525 22.0000
273732.0025 33.0000
273732.2524 11.0000
273732.5033 66.0000
273732.7525 11.0000
273733.0031 44.0000
273733.2525 11.0000
273733.5024 33.0000
273733.7524 66.0000
273734.0025 33.0000
273734.2524 44.0000
273734.5025 33.0000
273734.7525 11.0000
273735.0026 44.0000
273735.2531 66.0000
273735.5023 11.0000
273735.7523 33.0000
273736.0025 22.0000
273736.2526 11.0000
273736.5024 33.0000
273736.7524 55.0000
273737.0024 66.0000
273737.2524 11.0000
273737.5024 66.0000
273737.7524 22.0000
273738.0024 44.0000
273738.2524 11.0000
273738.5027 44.0000
273738.7527 22.0000
273739.0024 33.0000
273739.2528 11.0000
273739.5025 44.0000
273739.7525 11.0000
273740.0025 44.0000
273740.2524 11.0000
273740.5024 22.0000
273740.7524 33.0000
273741.0025 11.0000
273741.2528 22.0000
273741.5034 66.0000
273741.7525 11.0000
273742.0024 55.0000
273742.2524 44.0000
273742.5024 55.0000
273742.7530 11.0000
273743.0024 66.0000
273743.2524 55.0000
273743.5024 44.0000
273743.7525 22.0000
273744.0027 44.0000
273744.2524 55.0000
273744.5023 11.0000
273744.7523 66.0000
273745.0045 11.0000
273745.2524 55.0000
273745.5024 66.0000
273745.7524 22.0000
273746.0023 55.0000
273746.2524 11.0000
273746.5025 44.0000
273746.7524 55.0000
273747.0026 11.0000
273747.2524 33.0000
273747.5032 66.0000
273747.7524 44.0000
273748.0035 11.0000
273748.2524 66.0000
273748.5022 55.0000
273748.7526 22.0000
273749.0024 66.0000
273749.2524 55.0000
273749.5023 33.0000
273749.7524 11.0000
273750.0025 44.0000
273750.2524 55.0000
273750.5023 44.0000
273750.7525 55.0000
273751.0026 44.0000
273751.2524 66.0000
273751.5027 22.0000
273751.7523 11.0000
273752.0024 33.0000
273752.2524 66.0000
273752.5024 55.0000
273752.7524 22.0000
273753.0024 33.0000
273753.2524 11.0000
273753.5024 44.0000
273753.7527 55.0000
273754.0024 11.0000
273754.2524 33.0000
273754.5025 22.0000
273754.7524 55.0000
273755.0031 11.0000
273755.2524 55.0000
273755.5051 33.0000
273755.7524 55.0000
273756.0024 33.0000
273756.2523 44.0000
273756.5024 33.0000
273756.7524 55.0000
273757.0024 11.0000
273757.2524 33.0000
273757.5024 44.0000
273757.7524 11.0000
273758.0024 55.0000
273758.2524 11.0000
273758.5027 66.0000
273758.7524 33.0000
273759.0024 55.0000
273759.2525 22.0000
273759.5029 33.0000
273759.7526 66.0000
273760.0024 11.0000
273760.2524 33.0000
273760.5026 11.0000
273760.7524 44.0000
273761.0030 22.0000
273761.2532 33.0000
273761.5024 11.0000
273761.7523 66.0000
273762.0024 11.0000
273762.2524 22.0000
273762.5024 66.0000
273762.7524 55.0000
273763.0033 66.0000
273763.2523 55.0000
273763.5026 33.0000
273763.7523 44.0000
273764.0024 22.0000
273764.2527 66.0000
273764.5024 55.0000
273764.7523 33.0000
273765.0024 44.0000
273765.2528 66.0000
273765.5026 22.0000
273765.7527 11.0000
273766.0024 44.0000
273766.2536 11.0000
273766.5025 55.0000
273766.7523 44.0000
273767.0023 33.0000
273767.2523 55.0000
273767.5024 22.0000
273767.7523 66.0000
273768.0025 44.0000
273768.2524 11.0000
273768.5031 22.0000
273768.7524 66.0000
273769.0035 55.0000
273769.2523 66.0000
273769.5023 11.0000
273769.7523 66.0000
273770.0027 11.0000
273770.2523 44.0000
273770.5023 11.0000
273770.7527 66.0000
273771.0023 22.0000
273771.2523 55.0000
273771.5023 66.0000
273771.7523 33.0000
273772.0023 44.0000
273772.2523 55.0000
273772.5030 66.0000
273772.7523 33.0000
273773.0023 55.0000
273773.2523 22.0000
273773.5024 11.0000
273773.7523 33.0000
273774.0023 11.0000
273774.2528 55.0000
273774.5023 22.0000
273774.7523 55.0000
273775.0023 44.0000
273775.2523 33.0000
273775.5032 22.0000
273775.7526 44.0000
273776.0023 11.0000
273776.2523 44.0000
273776.5028 55.0000
273776.7523 11.0000
273777.0022 44.0000
273777.2523 33.0000
273777.5028 11.0000
273777.7523 22.0000
273778.0023 11.0000
273778.2523 33.0000
273778.5023 22.0000
273778.7523 55.0000
273779.0023 66.0000
273779.2528 55.0000
273779.5024 44.0000
273779.7523 55.0000
273780.0023 11.0000
273780.2523 22.0000
273780.5023 55.0000
273780.7523 44.0000
273781.0023 22.0000
273781.2523 55.0000
273781.5023 22.0000
273781.7523 44.0000
273782.0022 33.0000
273782.2522 66.0000
273782.5024 55.0000
273782.7525 11.0000
273783.0026 55.0000
273783.2523 66.0000
273783.5023 33.0000
273783.7523 11.0000
273784.0023 33.0000
273784.2523 22.0000
273784.5025 33.0000
273784.7523 66.0000
273785.0023 11.0000
273785.2523 33.0000
273785.5025 55.0000
273785.7527 44.0000
273786.0027 11.0000
273786.2529 44.0000
273786.5023 33.0000
273786.7523 22.0000
273787.0023 44.0000
273787.2523 11.0000
273787.5029 44.0000
273787.7523 22.0000
273788.0028 66.0000
273788.2522 11.0000
273788.5024 44.0000
273788.7522 33.0000
273789.0023 11.0000
273789.2523 66.0000
273789.5023 55.0000
273789.7523 22.0000
273790.0032 44.0000
273790.2523 33.0000
273790.5023 44.0000
273790.7523 33.0000
273791.0023 55.0000
273791.2523 11.0000
273791.5023 55.0000
273791.7523 66.0000
273792.0022 22.0000
273792.2523 33.0000
273792.5022 44.0000
273792.7529 55.0000
273793.0027 22.0000
273793.2523 55.0000
273793.5030 44.0000
273793.7523 33.0000
273794.0023 11.0000
273794.2522 66.0000
273794.5022 33.0000
273794.7524 55.0000
273795.0023 22.0000
273795.2529 55.0000
273795.5023 22.0000
273795.7526 44.0000
273796.0025 55.0000
273796.2523 22.0000
273796.5022 55.0000
273796.7523 22.0000
273797.0023 33.0000
273797.2523 66.0000
273797.5023 44.0000
273797.7523 22.0000
273798.0031 11.0000
273798.2523 44.0000
273798.5023 11.0000
273798.7523 44.0000
273799.0022 33.0000
273799.2524 44.0000
273799.5029 11.0000
273799.7523 55.0000
273800.0026 44.0000
273800.2534 33.0000
273800.5022 44.0000
273800.7521 33.0000
273801.0022 55.0000
273801.2522 66.0000
273801.5022 44.0000
273801.7522 22.0000
273802.0023 66.0000
273802.2522 22.0000
273802.5022 11.0000
273802.7522 22.0000
273803.0022 11.0000
273803.2522 66.0000
273803.5049 55.0000
273803.7522 11.0000
273804.0023 66.0000
273804.2523 44.0000
273804.5022 11.0000
273804.7522 22.0000
273805.0023 44.0000
273805.2523 33.0000
273805.5022 11.0000
273805.7522 22.0000
273806.0022 55.0000
273806.2528 11.0000
273806.5022 44.0000
273806.7525 11.0000
273807.0028 66.0000
273807.2522 33.0000
273807.5031 44.0000
273807.7523 33.0000
273808.0022 55.0000
273808.2533 66.0000
273808.5025 44.0000
273808.7523 55.0000
273809.0029 33.0000
273809.2522 66.0000
273809.5023 55.0000
273809.7522 11.0000
273810.0022 66.0000
273810.2526 33.0000
273810.5025 22.0000
273810.7522 33.0000
273811.0023 22.0000
273811.2522 11.0000
273811.5022 22.0000
273811.7522 66.0000
273812.0022 11.0000
273812.2522 44.0000
273812.5024 66.0000
273812.7522 33.0000
273813.0025 66.0000
273813.2523 44.0000
273813.5030 33.0000
273813.7522 11.0000
273814.0022 66.0000
273814.2522 33.0000
273814.5025 44.0000
273814.7522 55.0000
273815.0022 44.0000
273815.2522 66.0000
273815.5023 44.0000
273815.7522 66.0000
273816.0022 55.0000
273816.2522 22.0000
273816.5035 33.0000
273816.7522 11.0000
273817.0023 66.0000
273817.2522 22.0000
273817.5022 11.0000
273817.7521 66.0000
273818.0022 55.0000
273818.2523 11.0000
273818.5026 55.0000
273818.7522 66.0000
273819.0021 22.0000
273819.2521 44.0000
273819.5036 66.0000
273819.7522 33.0000
273820.0023 55.0000
273820.2521 44.0000
273820.5022 33.0000
273820.7522 22.0000
273821.0022 33.0000
273821.2522 11.0000
273821.5026 22.0000
273821.7522 66.0000
273822.0028 55.0000
273822.2522 33.0000
273822.5026 55.0000
273822.7522 22.0000
273823.0022 55.0000
273823.2520 33.0000
273823.5027 55.0000
273823.7527 11.0000
273824.0022 44.0000
273824.2522 33.0000
273824.5022 66.0000
273824.7522 44.0000
273825.0022 22.0000
273825.2522 11.0000
273825.5021 55.0000
273825.7522 44.0000
273826.0022 22.0000
273826.2521 44.0000
273826.5022 66.0000
273826.7531 44.0000
273827.0023 22.0000
273827.2522 44.0000
273827.5022 55.0000
273827.7522 44.0000
273828.0022 11.0000
273828.2521 22.0000
273828.5022 44.0000
273828.7521 66.0000
273829.0024 33.0000
273829.2521 22.0000
273829.5022 55.0000
273829.7521 22.0000
273830.0022 55.0000
273830.2522 33.0000
273830.5022 66.0000
273830.7521 33.0000
273831.0022 22.0000
273831.2521 33.0000
273831.5030 44.0000
273831.7521 33.0000
273832.0022 44.0000
273832.2521 55.0000
273832.5022 33.0000
273832.7521 22.0000
273833.0022 66.0000
273833.2521 11.0000
273833.5022 33.0000
273833.7521 44.0000
273834.0021 22.0000
273834.2524 33.0000
273834.5021 44.0000
273834.7521 55.0000
273835.0022 44.0000
273835.2521 22.0000
273835.5027 55.0000
273835.7521 11.0000
273836.0021 33.0000
273836.2522 11.0000
273836.5022 22.0000
273836.7521 44.0000
273837.0021 55.0000
273837.2524 66.0000
273837.5022 22.0000
273837.7521 33.0000
273838.0021 44.0000
273838.2521 55.0000
273838.5025 22.0000
273838.7521 11.0000
273839.0021 55.0000
273839.2521 22.0000
273839.5023 11.0000
273839.7523 33.0000
273840.0021 22.0000
273840.2521 66.0000
273840.5025 55.0000
273840.7521 66.0000
273841.0021 44.0000
273841.2521 55.0000
273841.5022 44.0000
273841.7521 22.0000
273842.0021 11.0000
273842.2527 22.0000
273842.5022 11.0000
273842.7521 44.0000
273843.0021 33.0000
273843.2521 44.0000
273843.5021 11.0000
273843.7522 66.0000
273844.0021 22.0000
273844.2521 66.0000
273844.5021 44.0000
273844.7521 33.0000
273845.0021 55.0000
273845.2521 44.0000
273845.5021 55.0000
273845.7521 33.0000
273846.0021 55.0000
273846.2521 22.0000
273846.5027 55.0000
273846.7520 22.0000
273847.0021 55.0000
273847.2520 44.0000
273847.5032 66.0000
273847.7524 11.0000
273848.0021 33.0000
273848.2521 66.0000
273848.5021 33.0000
273848.7525 44.0000
273849.0021 22.0000
273849.2521 11.0000
273849.5025 66.0000
273849.7520 33.0000
273850.0021 11.0000
273850.2521 22.0000
273850.5021 11.0000
273850.7523 33.0000
273851.0020 66.0000
273851.2520 33.0000
273851.5021 55.0000
273851.7520 66.0000
273852.0022 55.0000
273852.2520 11.0000
273852.5020 44.0000
273852.7519 11.0000
273853.0021 66.0000
273853.2521 44.0000
273853.5023 22.0000
273853.7520 11.0000
273854.0020 44.0000
273854.2519 11.0000
273854.5021 66.0000
273854.7520 33.0000
273855.0020 22.0000
273855.2522 11.0000
273855.5021 55.0000
273855.7520 33.0000
273856.0020 66.0000
273856.2521 11.0000
273856.5021 66.0000
273856.7528 11.0000
273857.0021 55.0000
273857.2520 44.0000
273857.5028 11.0000
273857.7524 44.0000
273858.0020 22.0000
273858.2520 33.0000
273858.5027 22.0000
273858.7520 55.0000
273859.0020 66.0000
273859.2520 22.0000
273859.5021 11.0000
273859.7520 33.0000
273860.0022 66.0000
273860.2520 44.0000
273860.5030 55.0000
273860.7521 44.0000
273861.0020 55.0000
273861.2520 22.0000
273861.5027 11.0000
273861.7521 55.0000
273862.0020 44.0000
273862.2526 22.0000
273862.5022 44.0000
273862.7520 22.0000
273863.0024 66.0000
273863.2529 11.0000
273863.5024 66.0000
273863.7521 11.0000
273864.0020 33.0000
273864.2525 44.0000
273864.5020 66.0000
273864.7518 22.0000
273865.0020 33.0000
273865.2524 11.0000
273865.5026 66.0000
273865.7520 44.0000
273866.0020 11.0000
273866.2520 44.0000
273866.5030 66.0000
273866.7520 44.0000
273867.0020 55.0000
273867.2520 66.0000
273867.5020 11.0000
273867.7521 33.0000
273868.0021 22.0000
273868.2520 66.0000
273868.5025 55.0000
273868.7520 33.0000
273869.0020 66.0000
273869.2521 11.0000
273869.5020 66.0000
273869.7520 11.0000
273870.0020 66.0000
273870.2520 33.0000
273870.5021 55.0000
273870.7521 66.0000
273871.0023 33.0000
273871.2521 55.0000
273871.5020 33.0000
273871.7519 66.0000
273872.0020 11.0000
273872.2523 66.0000
273872.5020 11.0000
273872.7521 44.0000
273873.0020 11.0000
273873.2520 55.0000
273873.5021 33.0000
273873.7524 44.0000
273874.0020 55.0000
273874.2520 66.0000
273874.5029 22.0000
273874.7522 33.0000
273875.0020 55.0000
273875.2520 66.0000
273875.5029 11.0000
273875.7520 66.0000
273876.0019 55.0000
273876.2520 33.0000
273876.5020 44.0000
273876.7522 33.0000
273877.0019 44.0000
273877.2520 22.0000
273877.5021 44.0000
273877.7520 33.0000
273878.0029 55.0000
273878.2519 11.0000
273878.5020 22.0000
273878.7520 11.0000
273879.0020 33.0000
273879.2520 44.0000
273879.5020 55.0000
273879.7520 22.0000
273880.0019 33.0000
273880.2519 44.0000
273880.5026 55.0000
273880.7520 22.0000
273881.0020 44.0000
273881.2519 66.0000
273881.5026 11.0000
273881.7520 22.0000
273882.0022 11.0000
273882.2526 66.0000
273882.5019 22.0000
273882.7528 66.0000
273883.0023 33.0000
273883.2519 11.0000
273883.5024 44.0000
273883.7523 22.0000
273884.0020 44.0000
273884.2519 55.0000
273884.5019 44.0000
273884.7528 33.0000
273885.0019 66.0000
273885.2519 44.0000
273885.5020 33.0000
273885.7523 44.0000
273886.0026 66.0000
273886.2519 11.0000
273886.5020 66.0000
273886.7520 11.0000
273887.0020 66.0000
273887.2522 44.0000
273887.5029 11.0000
273887.7519 33.0000
273888.0021 11.0000
273888.2519 44.0000
273888.5020 11.0000
273888.7519 22.0000
273889.0020 44.0000
273889.2520 11.0000
273889.5020 44.0000
273889.7522 22.0000
273890.0019 55.0000
273890.2519 66.0000
273890.5020 11.0000
273890.7519 44.0000
273891.0020 66.0000
273891.2519 22.0000
273891.5026 55.0000
273891.7524 66.0000
273892.0019 33.0000
273892.2527 11.0000
273892.5020 33.0000
273892.7520 55.0000
273893.0020 22.0000
273893.2519 66.0000
273893.5027 44.0000
273893.7519 22.0000
273894.0020 11.0000
273894.2519 44.0000
273894.5024 11.0000
273894.7520 33.0000
273895.0019 44.0000
273895.2519 55.0000
273895.5024 66.0000
273895.7518 33.0000
273896.0024 55.0000
273896.2519 66.0000
273896.5020 22.0000
273896.7519 11.0000
273897.0020 66.0000
273897.2521 33.0000
273897.5019 44.0000
273897.7521 11.0000
273898.0019 55.0000
273898.2519 22.0000
273898.5022 66.0000
273898.7519 55.0000
273899.0018 44.0000
273899.2519 55.0000
273899.5023 44.0000
273899.7519 22.0000
273900.0019 33.0000
273900.2519 11.0000
273900.5020 66.0000
273900.7519 11.0000
273901.0024 33.0000
273901.2519 55.0000
273901.5022 33.0000
273901.7521 44.0000
273902.0020 33.0000
273902.2524 22.0000
273902.5023 55.0000
273902.7521 22.0000
273903.0025 55.0000
273903.2519 66.0000
273903.5026 44.0000
273903.7519 11.0000
273904.0019 44.0000
273904.2519 11.0000
273904.5022 33.0000
273904.7519 66.0000
273905.0021 33.0000
273905.2519 44.0000
273905.5019 55.0000
273905.7518 22.0000
273906.0020 33.0000
273906.2519 44.0000
273906.5020 66.0000
273906.7519 33.0000
273907.0021 66.0000
273907.2518 11.0000
273907.5020 22.0000
273907.7519 33.0000
273908.0021 44.0000
273908.2518 66.0000
273908.5020 44.0000
273908.7519 11.0000
273909.0029 22.0000
273909.2522 44.0000
273909.5019 66.0000
273909.7519 55.0000
273910.0020 22.0000
273910.2520 11.0000
273910.5019 66.0000
273910.7518 55.0000
273911.0019 11.0000
273911.2523 55.0000
273911.5024 33.0000
273911.7518 66.0000
273912.0019 44.0000
273912.2519 66.0000
273912.5019 22.0000
273912.7525 66.0000
273913.0018 22.0000
273913.2519 55.0000
273913.5019 44.0000
273913.7519 11.0000
273914.0019 33.0000
273914.2520 66.0000
273914.5019 33.0000
273914.7519 66.0000
273915.0019 44.0000
273915.2519 55.0000
273915.5027 66.0000
273915.7519 11.0000
273916.0018 66.0000
273916.2519 44.0000
273916.5019 66.0000
273916.7519 22.0000
273917.0023 11.0000
273917.2519 55.0000
273917.5119 11.0000
273917.7518 22.0000
273918.0018 66.0000
273918.2523 22.0000
273918.5020 66.0000
273918.7519 33.0000
273919.0019 11.0000
273919.2518 33.0000
273919.5023 11.0000
273919.7526 55.0000
273920.0018 22.0000
273920.2520 55.0000
273920.5022 22.0000
273920.7519 55.0000
273921.0020 22.0000
273921.2529 11.0000
273921.5027 66.0000
273921.7518 33.0000
273922.0018 66.0000
273922.2518 22.0000
273922.5018 11.0000
273922.7518 66.0000
273923.0029 33.0000
273923.2518 22.0000
273923.5022 44.0000
273923.7518 11.0000
273924.0018 22.0000
273924.2523 11.0000
273924.5019 33.0000
273924.7518 11.0000
273925.0019 55.0000
273925.2524 66.0000
273925.5021 22.0000
273925.7518 66.0000
273926.0018 55.0000
273926.2523 44.0000
273926.5019 11.0000
273926.7518 66.0000
273927.0018 22.0000
273927.2522 55.0000
273927.5019 44.0000
273927.7518 55.0000
273928.0018 33.0000
273928.2522 55.0000
273928.5019 22.0000
273928.7518 44.0000
273929.0018 22.0000
273929.2518 66.0000
273929.5018 22.0000
273929.7520 44.0000
273930.0019 55.0000
273930.2518 44.0000
273930.5026 22.0000
273930.7517 55.0000
273931.0018 22.0000
273931.2518 11.0000
273931.5023 22.0000
273931.7517 55.0000
273932.0018 66.0000
273932.2518 22.0000
273932.5019 44.0000
273932.7518 66.0000
273933.0021 11.0000
273933.2518 44.0000
273933.5023 33.0000
273933.7518 66.0000
273934.0018 22.0000
273934.2518 11.0000
273934.5018 22.0000
273934.7518 66.0000
273935.0020 22.0000
273935.2523 11.0000
273935.5024 33.0000
273935.7518 11.0000
273936.0018 66.0000
273936.2519 22.0000
273936.5018 55.0000
273936.7518 33.0000
273937.0025 44.0000
273937.2518 11.0000
273937.5025 55.0000
273937.7519 33.0000
273938.0021 66.0000
273938.2518 44.0000
273938.5021 55.0000
273938.7518 44.0000
273939.0020 55.0000
273939.2518 11.0000
273939.5018 44.0000
273939.7518 55.0000
273940.0018 44.0000
273940.2518 66.0000
273940.5019 33.0000
273940.7518 55.0000
273941.0018 22.0000
273941.2518 11.0000
273941.5018 66.0000
273941.7518 22.0000
273942.0018 11.0000
273942.2518 33.0000
273942.5018 22.0000
273942.7521 55.0000
273943.0018 33.0000
273943.2520 55.0000
273943.5018 44.0000
273943.7523 33.0000
273944.0018 44.0000
273944.2518 33.0000
273944.5018 11.0000
273944.7518 22.0000
273945.0017 33.0000
273945.2518 11.0000
273945.5020 44.0000
273945.7517 66.0000
273946.0018 11.0000
273946.2518 33.0000
273946.5018 66.0000
273946.7517 44.0000
273947.0017 11.0000
273947.2517 66.0000
273947.5018 33.0000
273947.7518 11.0000
273948.0018 55.0000
273948.2517 33.0000
273948.5017 66.0000
273948.7517 55.0000
273949.0017 22.0000
273949.2519 66.0000
273949.5017 44.0000
273949.7517 22.0000
273950.0017 44.0000
273950.2517 33.0000
273950.5021 11.0000
273950.7518 22.0000
273951.0023 33.0000
273951.2517 22.0000
273951.5020 55.0000
273951.7517 22.0000
273952.0017 55.0000
273952.2522 33.0000
273952.5017 55.0000
273952.7517 11.0000
273953.0018 44.0000
273953.2517 55.0000
273953.5017 66.0000
273953.7518 22.0000
273954.0017 55.0000
273954.2517 11.0000
273954.5018 44.0000
273954.7517 55.0000
273955.0017 22.0000
273955.2521 55.0000
273955.5017 22.0000
273955.7519 66.0000
273956.0019 33.0000
273956.2517 66.0000
273956.5022 22.0000
273956.7517 33.0000
273957.0017 44.0000
273957.2517 22.0000
273957.5025 66.0000
273957.7518 44.0000
273958.0017 22.0000
273958.2517 11.0000
273958.5016 55.0000
273958.7517 66.0000
273959.0022 33.0000
273959.2517 11.0000
273959.5023 66.0000
273959.7520 33.0000
273960.0017 66.0000
273960.2518 22.0000
273960.5020 44.0000
273960.7517 66.0000
273961.0017 44.0000
273961.2517 55.0000
273961.5020 22.0000
273961.7518 33.0000
273962.0019 55.0000
273962.2517 22.0000
273962.5018 44.0000
273962.7517 55.0000
273963.0017 44.0000
273963.2522 22.0000
273963.5023 33.0000
273963.7517 11.0000
273964.0017 22.0000
273964.2522 44.0000
273964.5018 66.0000
273964.7517 11.0000
273965.0018 44.0000
273965.2517 55.0000
273965.5018 44.0000
273965.7517 33.0000
273966.0017 44.0000
273966.2519 22.0000
273966.5018 11.0000
273966.7517 66.0000
273967.0022 22.0000
273967.2518 55.0000
273967.5020 66.0000
273967.7517 55.0000
273968.0017 22.0000
273968.2518 33.0000
273968.5018 11.0000
273968.7521 33.0000
273969.0016 11.0000
273969.2516 55.0000
273969.5017 66.0000
273969.7521 33.0000
273970.0017 55.0000
273970.2523 66.0000
273970.5017 11.0000
273970.7520 55.0000
273971.0024 22.0000
273971.2517 11.0000
273971.5019 33.0000
273971.7516 22.0000
273972.0017 55.0000
273972.2522 44.0000
273972.5020 11.0000
273972.7517 44.0000
273973.0017 66.0000
273973.2517 11.0000
273973.5022 33.0000
273973.7516 11.0000
273974.0017 33.0000
273974.2516 22.0000
273974.5022 11.0000
273974.7519 33.0000
273975.0017 11.0000
273975.2519 55.0000
273975.5019 33.0000
273975.7516 22.0000
273976.0017 44.0000
273976.2516 33.0000
273976.5021 55.0000
273976.7520 22.0000
273977.0017 11.0000
273977.2517 33.0000
273977.5020 44.0000
273977.7517 33.0000
273978.0017 11.0000
273978.2516 33.0000
273978.5019 22.0000
273978.7518 11.0000
273979.0019 66.0000
273979.2516 11.0000
273979.5020 55.0000
273979.7517 22.0000
273980.0017 66.0000
273980.2516 22.0000
273980.5017 44.0000
273980.7516 11.0000
273981.0017 66.0000
273981.2518 22.0000
273981.5016 44.0000
273981.7516 66.0000
273982.0016 33.0000
273982.2516 55.0000
273982.5016 66.0000
273982.7516 11.0000
273983.0018 22.0000
273983.2516 44.0000
273983.5017 33.0000
273983.7517 44.0000
273984.0016 55.0000
273984.2516 33.0000
273984.5017 22.0000
273984.7524 66.0000
273985.0016 44.0000
273985.2516 33.0000
273985.5016 66.0000
273985.7520 11.0000
273986.0016 55.0000
273986.2516 22.0000
273986.5021 66.0000
273986.7516 55.0000
273987.0021 66.0000
273987.2516 55.0000
273987.5016 33.0000
273987.7516 22.0000
273988.0016 44.0000
273988.2516 55.0000
273988.5016 22.0000
273988.7516 66.0000
273990.4857 888.0000
274053.8238 999.0000
