274922.6064 777.0000
274925.6394 11.0000
274925.8814 33.0000
274926.1323 22.0000
274926.3815 33.0000
274926.6314 55.0000
274926.8815 33.0000
274927.1314 11.0000
274927.3814 33.0000
274927.6323 22.0000
274927.8815 33.0000
274928.1317 11.0000
274928.3816 33.0000
274928.6317 44.0000
274928.8814 11.0000
274929.1314 55.0000
274929.3815 44.0000
274929.6314 66.0000
274929.8814 44.0000
274930.1314 55.0000
274930.3814 44.0000
274930.6315 55.0000
274930.8815 66.0000
274931.1317 44.0000
274931.3815 66.0000
274931.6316 44.0000
274931.8818 55.0000
274932.1317 44.0000
274932.3816 33.0000
274932.6314 55.0000
274932.8814 66.0000
274933.1315 33.0000
274933.3816 66.0000
274933.6314 11.0000
274933.8815 66.0000
274934.1315 11.0000
274934.3818 66.0000
274934.6314 22.0000
274934.8817 11.0000
274935.1314 33.0000
274935.3820 66.0000
274935.6314 22.0000
274935.8814 55.0000
274936.1314 22.0000
274936.3814 44.0000
274936.6314 33.0000
274936.8814 55.0000
274937.1315 22.0000
274937.3817 66.0000
274937.6314 44.0000
274937.8814 66.0000
274938.1315 11.0000
274938.3814 66.0000
274938.6314 55.0000
274938.8813 66.0000
274939.1314 22.0000
274939.3815 44.0000
274939.6314 11.0000
274939.8814 55.0000
274940.1314 11.0000
274940.3814 44.0000
274940.6317 22.0000
274940.8817 44.0000
274941.1314 33.0000
274941.3814 44.0000
274941.6315 11.0000
274941.8813 44.0000
274942.1314 22.0000
274942.3819 44.0000
274942.6320 11.0000
274942.8814 33.0000
274943.1314 44.0000
274943.3816 33.0000
274943.6322 44.0000
274943.8814 11.0000
274944.1313 22.0000
274944.3814 11.0000
274944.6315 44.0000
274944.8814 22.0000
274945.1318 55.0000
274945.3814 22.0000
274945.6314 44.0000
274945.8814 22.0000
274946.1327 44.0000
274946.3815 55.0000
274946.6314 44.0000
274946.8814 22.0000
274947.1314 33.0000
274947.3814 22.0000
274947.6314 33.0000
274947.8814 55.0000
274948.1314 33.0000
274948.3814 22.0000
274948.6314 44.0000
274948.8814 11.0000
274949.1314 44.0000
274949.3816 22.0000
274949.6316 44.0000
274949.8814 55.0000
274950.1313 22.0000
274950.3815 55.0000
274950.6315 66.0000
274950.8814 22.0000
274951.1318 55.0000
274951.3814 22.0000
274951.6313 55.0000
274951.8814 22.0000
274952.1313 66.0000
274952.3816 22.0000
274952.6323 33.0000
274952.8814 22.0000
274953.1315 66.0000
274953.3814 33.0000
274953.6313 11.0000
274953.8814 66.0000
274954.1313 22.0000
274954.3815 55.0000
274954.6314 66.0000
274954.8815 22.0000
274955.1318 11.0000
274955.3813 44.0000
274955.6313 66.0000
274955.8816 55.0000
274956.1313 44.0000
274956.3816 22.0000
274956.6321 66.0000
274956.8818 11.0000
274957.1313 44.0000
274957.3813 55.0000
274957.6313 11.0000
274957.8813 33.0000
274958.1313 22.0000
274958.3813 11.0000
274958.6313 33.0000
274958.8813 11.0000
274959.1313 44.0000
274959.3817 22.0000
274959.6313 11.0000
274959.8813 66.0000
274960.1313 11.0000
274960.3813 55.0000
274960.6313 11.0000
274960.8820 33.0000
274961.1313 66.0000
274961.3813 11.0000
274961.6313 66.0000
274961.8817 22.0000
274962.1318 44.0000
274962.3813 66.0000
274962.6313 11.0000
274962.8813 33.0000
274963.1319 55.0000
274963.3945 33.0000
274963.6313 11.0000
274963.8813 55.0000
274964.1314 66.0000
274964.3813 33.0000
274964.6316 66.0000
274964.8813 33.0000
274965.1316 55.0000
274965.3816 33.0000
274965.6315 22.0000
274965.8813 44.0000
274966.1319 55.0000
274966.3818 22.0000
274966.6314 33.0000
274966.8813 55.0000
274967.1313 11.0000
274967.3819 55.0000
274967.6313 44.0000
274967.8813 33.0000
274968.1316 11.0000
274968.3813 55.0000
274968.6315 22.0000
274968.8816 11.0000
274969.1315 66.0000
274969.3813 22.0000
274969.6313 33.0000
274969.8817 66.0000
274970.1313 55.0000
274970.3817 66.0000
274970.6312 11.0000
274970.8813 55.0000
274971.1313 44.0000
274971.3813 22.0000
274971.6316 44.0000
274971.8817 33.0000
274972.1316 22.0000
274972.3814 11.0000
274972.6312 33.0000
274972.8816 22.0000
274973.1314 44.0000
274973.3811 33.0000
274973.6320 22.0000
274973.8821 11.0000
274974.1313 66.0000
274974.3813 22.0000
274974.6314 44.0000
274974.8813 66.0000
274975.1312 55.0000
274975.3813 11.0000
274975.6314 44.0000
274975.8813 33.0000
274976.1313 55.0000
274976.3816 33.0000
274976.6311 11.0000
274976.8813 66.0000
274977.1312 22.0000
274977.3813 11.0000
274977.6312 33.0000
274977.8813 44.0000
274978.1315 22.0000
274978.3817 55.0000
274978.6313 66.0000
274978.8812 33.0000
274979.1312 44.0000
274979.3813 33.0000
274979.6313 22.0000
274979.8819 66.0000
274980.1312 33.0000
274980.3816 55.0000
274980.6315 33.0000
274980.8812 44.0000
274981.1313 55.0000
274981.3812 11.0000
274981.6313 44.0000
274981.8815 33.0000
274982.1319 22.0000
274982.3812 33.0000
274982.6312 66.0000
274982.8812 33.0000
274983.1314 11.0000
274983.3812 55.0000
274983.6314 22.0000
274983.8812 55.0000
274984.1313 33.0000
274984.3813 11.0000
274984.6313 22.0000
274984.8820 11.0000
274985.1313 33.0000
274985.3812 22.0000
274985.6313 66.0000
274985.8812 44.0000
274986.1314 11.0000
274986.3811 33.0000
274986.6312 44.0000
274986.8812 11.0000
274987.1315 55.0000
274987.3820 22.0000
274987.6312 44.0000
274987.8812 33.0000
274988.1312 66.0000
274988.3812 33.0000
274988.6312 11.0000
274988.8812 66.0000
274989.1312 55.0000
274989.3812 66.0000
274989.6313 44.0000
274989.8811 22.0000
274990.1315 33.0000
274990.3812 66.0000
274990.6317 22.0000
274990.8812 33.0000
274991.1312 66.0000
274991.3812 44.0000
274991.6312 33.0000
274991.8812 44.0000
274992.1311 55.0000
274992.3812 22.0000
274992.6312 44.0000
274992.8812 22.0000
274993.1312 33.0000
274993.3812 22.0000
274993.6312 33.0000
274993.8812 44.0000
274994.1316 33.0000
274994.3810 44.0000
274994.6312 22.0000
274994.8812 44.0000
274995.1311 11.0000
274995.3812 55.0000
274995.6311 33.0000
274995.8811 11.0000
274996.1312 22.0000
274996.3812 55.0000
274996.6312 22.0000
274996.8811 33.0000
274997.1312 22.0000
274997.3819 44.0000
274997.6312 66.0000
274997.8817 22.0000
274998.1317 66.0000
274998.3812 55.0000
274998.6312 66.0000
274998.8812 44.0000
274999.1318 11.0000
274999.3812 66.0000
274999.6318 33.0000
274999.8812 55.0000
275000.1311 66.0000
275000.3811 44.0000
275000.6318 22.0000
275000.8816 11.0000
275001.1321 66.0000
275001.3811 22.0000
275001.6319 66.0000
275001.8810 44.0000
275002.1311 66.0000
275002.3818 33.0000
275002.6312 55.0000
275002.8811 44.0000
275003.1311 55.0000
275003.3815 11.0000
275003.6312 33.0000
275003.8811 11.0000
275004.1311 55.0000
275004.3812 44.0000
275004.6312 22.0000
275004.8817 55.0000
275005.1313 66.0000
275005.3812 55.0000
275005.6312 66.0000
275005.8811 55.0000
275006.1317 11.0000
275006.3811 22.0000
275006.6311 33.0000
275006.8811 22.0000
275007.1314 11.0000
275007.3821 33.0000
275007.6312 66.0000
275007.8817 33.0000
275008.1311 44.0000
275008.3811 66.0000
275008.6311 55.0000
275008.8811 66.0000
275009.1311 55.0000
275009.3812 22.0000
275009.6312 44.0000
275009.8811 66.0000
275010.1312 33.0000
275010.3812 22.0000
275010.6311 44.0000
275010.8811 66.0000
275011.1311 33.0000
275011.3812 55.0000
275011.6314 44.0000
275011.8812 55.0000
275012.1312 33.0000
275012.3811 66.0000
275012.6311 55.0000
275012.8811 33.0000
275013.1311 66.0000
275013.3811 44.0000
275013.6312 33.0000
275013.8811 44.0000
275014.1316 11.0000
275014.3811 33.0000
275014.6311 66.0000
275014.8811 11.0000
275015.1314 66.0000
275015.3811 11.0000
275015.6311 44.0000
275015.8811 11.0000
275016.1310 55.0000
275016.3812 33.0000
275016.6311 22.0000
275016.8813 44.0000
275017.1313 55.0000
275017.3811 44.0000
275017.6311 66.0000
275017.8811 55.0000
275018.1311 66.0000
275018.3814 11.0000
275018.6311 44.0000
275018.8813 33.0000
275019.1311 44.0000
275019.3811 55.0000
275019.6311 33.0000
275019.8809 66.0000
275020.1313 11.0000
275020.3811 55.0000
275020.6320 44.0000
275020.8814 55.0000
275021.1311 11.0000
275021.3814 44.0000
275021.6314 11.0000
275021.8811 66.0000
275022.1312 22.0000
275022.3811 66.0000
275022.6321 55.0000
275022.8813 22.0000
275023.1311 55.0000
275023.3811 11.0000
275023.6311 22.0000
275023.8817 11.0000
275024.1314 33.0000
275024.3811 66.0000
275024.6313 33.0000
275024.8812 22.0000
275025.1311 66.0000
275025.3813 55.0000
275025.6313 11.0000
275025.8813 66.0000
275026.1311 22.0000
275026.3811 66.0000
275026.6310 11.0000
275026.8812 55.0000
275027.1311 11.0000
275027.3818 22.0000
275027.6310 33.0000
275027.8810 22.0000
275028.1311 33.0000
275028.3810 66.0000
275028.6310 22.0000
275028.8815 55.0000
275029.1310 11.0000
275029.3811 55.0000
275029.6311 33.0000
275029.8812 55.0000
275030.1310 66.0000
275030.3817 55.0000
275030.6314 22.0000
275030.8811 44.0000
275031.1315 22.0000
275031.3815 55.0000
275031.6310 22.0000
275031.8811 44.0000
275032.1310 11.0000
275032.3811 22.0000
275032.6312 44.0000
275032.8813 11.0000
275033.1310 55.0000
275033.3813 11.0000
275033.6311 22.0000
275033.8810 55.0000
275034.1311 44.0000
275034.3810 11.0000
275034.6311 55.0000
275034.8810 33.0000
275035.1312 44.0000
275035.3813 11.0000
275035.6317 44.0000
275035.8810 22.0000
275036.1309 55.0000
275036.3810 44.0000
275036.6316 33.0000
275036.8810 22.0000
275037.1313 44.0000
275037.3812 11.0000
275037.6309 22.0000
275037.8811 33.0000
275038.1311 44.0000
275038.3811 55.0000
275038.6315 11.0000
275038.8815 55.0000
275039.1310 11.0000
275039.3810 66.0000
275039.6312 33.0000
275039.8814 22.0000
275040.1310 11.0000
275040.3810 22.0000
275040.6310 33.0000
275040.8810 66.0000
275041.1310 22.0000
275041.3810 55.0000
275041.6310 44.0000
275041.8810 11.0000
275042.1315 22.0000
275042.3810 44.0000
275042.6311 66.0000
275042.8810 44.0000
275043.1314 22.0000
275043.3815 55.0000
275043.6310 11.0000
275043.8809 44.0000
275044.1310 55.0000
275044.3810 66.0000
275044.6312 11.0000
275044.8816 44.0000
275045.1310 55.0000
275045.3810 33.0000
275045.6310 11.0000
275045.8810 33.0000
275046.1310 11.0000
275046.3810 33.0000
275046.6310 22.0000
275046.8810 66.0000
275047.1309 11.0000
275047.3810 33.0000
275047.6313 66.0000
275047.8814 11.0000
275048.1310 55.0000
275048.3810 11.0000
275048.6312 55.0000
275048.8810 66.0000
275049.1315 11.0000
275049.3809 33.0000
275049.6317 66.0000
275049.8810 11.0000
275050.1309 66.0000
275050.3811 22.0000
275050.6310 44.0000
275050.8816 22.0000
275051.1310 33.0000
275051.3811 22.0000
275051.6310 66.0000
275051.8810 11.0000
275052.1310 33.0000
275052.3810 11.0000
275052.6311 55.0000
275052.8809 66.0000
275053.1313 44.0000
275053.3809 55.0000
275053.6310 33.0000
275053.8810 66.0000
275054.1310 22.0000
275054.3810 66.0000
275054.6310 44.0000
275054.8809 33.0000
275055.1310 66.0000
275055.3810 33.0000
275055.6310 22.0000
275055.8809 11.0000
275056.1310 22.0000
275056.3809 55.0000
275056.6309 66.0000
275056.8809 55.0000
275057.1310 44.0000
275057.3811 22.0000
275057.6309 44.0000
275057.8809 33.0000
275058.1310 44.0000
275058.3812 55.0000
275058.6310 66.0000
275058.8810 55.0000
275059.1310 11.0000
275059.3809 66.0000
275059.6310 44.0000
275059.8815 66.0000
275060.1310 22.0000
275060.3809 66.0000
275060.6310 55.0000
275060.8818 66.0000
275061.1312 55.0000
275061.3809 44.0000
275061.6311 66.0000
275061.8810 55.0000
275062.1310 11.0000
275062.3811 22.0000
275062.6312 66.0000
275062.8814 55.0000
275063.1309 33.0000
275063.3809 11.0000
275063.6309 33.0000
275063.8811 22.0000
275064.1310 44.0000
275064.3810 11.0000
275064.6313 55.0000
275064.8811 44.0000
275065.1309 55.0000
275065.3810 11.0000
275065.6309 66.0000
275065.8809 11.0000
275066.1309 44.0000
275066.3809 66.0000
275066.6309 33.0000
275066.8809 11.0000
275067.1310 55.0000
275067.3809 33.0000
275067.6309 44.0000
275067.8810 11.0000
275068.1311 22.0000
275068.3811 66.0000
275068.6309 44.0000
275068.8809 22.0000
275069.1322 55.0000
275069.3809 11.0000
275069.6309 22.0000
275069.8811 11.0000
275070.1309 33.0000
275070.3809 66.0000
275070.6308 55.0000
275070.8809 44.0000
275071.1311 11.0000
275071.3811 33.0000
275071.6309 55.0000
275071.8809 66.0000
275072.1309 22.0000
275072.3809 66.0000
275072.6309 55.0000
275072.8809 33.0000
275073.1308 66.0000
275073.3809 33.0000
275073.6308 44.0000
275073.8809 66.0000
275074.1309 33.0000
275074.3813 55.0000
275074.6313 11.0000
275074.8809 44.0000
275075.1309 11.0000
275075.3817 44.0000
275077.1154 888.0000
275079.8641 999.0000
